525	790	0
530	640	0
33	440	0
56	775	0
526	719	0
119	308	0
526	620	0
263	638	0
655	776	0
397	520	0
345	367	0
634	703	0
128	259	0
114	404	0
485	523	0
267	712	0
108	698	0
200	693	0
111	449	0
313	378	0
276	618	0
557	679	0
399	635	0
7	650	0
29	334	0
13	585	0
105	760	0
397	746	0
717	801	0
370	446	0
8	87	0
410	521	0
249	485	0
212	735	0
146	722	0
622	720	0
99	683	0
400	417	0
237	380	0
506	654	0
94	287	0
403	726	0
79	617	0
652	759	0
320	328	0
322	410	0
105	794	0
14	508	0
127	349	0
473	798	0
180	451	0
700	747	0
536	636	0
423	696	0
136	330	0
212	445	0
86	466	0
483	710	0
198	248	0
761	794	0
623	681	0
365	617	0
402	501	0
41	179	0
72	721	0
66	518	0
252	411	0
318	428	0
95	720	0
398	633	0
60	104	0
210	701	0
62	554	0
250	330	0
452	642	0
144	211	0
99	277	0
71	424	0
552	795	0
2	209	0
19	757	0
206	433	0
408	616	0
26	219	0
245	469	0
546	786	0
139	456	0
419	772	0
675	746	0
561	568	0
435	613	0
729	805	0
421	538	0
81	569	0
649	767	0
279	428	0
62	772	0
31	223	0
107	365	0
54	660	0
1	280	0
664	712	0
168	503	0
405	729	0
103	249	0
417	456	0
36	310	0
112	660	0
441	450	0
556	792	0
434	650	0
172	438	0
746	784	0
90	603	0
436	579	0
116	235	0
368	754	0
229	436	0
341	714	0
379	523	0
72	113	0
7	592	0
560	772	0
121	644	0
599	625	0
529	669	0
583	753	0
78	593	0
612	730	0
318	325	0
10	26	0
251	674	0
177	571	0
253	368	0
290	506	0
424	521	0
414	443	0
95	637	0
42	651	0
43	222	0
385	773	0
411	594	0
30	488	0
233	764	0
677	787	0
90	159	0
91	202	0
574	741	1
461	468	0
9	211	0
199	352	0
200	578	0
40	759	1
517	779	0
513	558	0
168	455	0
556	687	0
643	651	1
652	780	0
263	796	0
433	792	0
105	587	0
68	601	0
15	114	0
329	735	0
333	610	0
310	650	0
332	470	0
333	619	0
612	791	0
137	192	0
122	782	0
138	619	0
209	540	0
70	614	0
252	669	0
661	669	0
48	99	0
556	581	0
5	473	0
208	731	0
373	703	1
230	792	0
29	451	0
268	573	0
360	550	0
452	592	0
291	740	0
164	638	0
271	442	0
39	686	0
278	482	0
687	770	0
212	354	0
70	768	0
1	783	0
697	730	0
100	703	0
244	563	0
80	564	0
305	657	0
362	642	0
51	85	0
52	698	0
60	157	0
61	180	0
120	624	0
248	421	0
38	57	0
709	760	0
175	188	0
288	528	0
1	553	0
183	705	0
115	695	0
604	664	0
499	532	0
302	601	0
154	505	0
230	676	0
50	54	0
163	365	0
291	800	0
412	489	0
97	241	0
81	660	0
23	233	0
482	589	0
46	58	0
67	511	0
488	658	0
250	465	0
41	334	0
54	705	0
503	749	0
537	681	0
201	586	0
334	369	0
192	346	0
546	681	0
12	205	0
35	180	0
550	597	0
86	277	0
173	697	0
317	750	0
429	500	0
512	616	0
453	510	1
491	583	0
440	478	0
349	701	0
79	340	0
66	779	0
48	136	0
525	666	0
515	698	0
12	307	0
446	559	0
34	343	0
141	657	0
237	700	0
36	441	0
659	687	1
279	633	0
363	433	0
150	417	0
544	802	0
180	556	0
573	768	0
309	320	0
416	806	0
55	380	0
295	301	0
78	135	0
335	540	0
600	643	0
341	607	0
26	576	0
492	669	0
57	392	0
185	195	0
383	800	0
223	543	0
43	173	0
360	601	0
62	258	0
215	554	0
307	720	0
15	259	0
107	802	0
91	185	0
39	185	0
439	739	0
99	658	0
116	540	0
281	705	0
353	477	0
267	562	0
364	630	0
492	579	0
169	608	0
186	590	0
274	281	0
425	798	0
337	682	0
30	343	0
68	558	0
604	616	0
293	655	0
385	732	0
61	675	0
354	431	0
191	641	0
265	422	0
48	562	0
584	708	0
70	563	0
486	531	0
380	383	0
5	647	0
40	610	1
238	773	0
657	773	0
132	146	0
337	596	0
173	549	0
113	474	0
30	625	0
89	219	0
256	734	0
352	803	0
653	795	0
151	775	0
317	507	0
302	401	0
319	605	0
341	501	0
235	670	0
395	759	0
130	542	0
661	802	0
131	363	0
647	787	0
448	660	0
766	805	0
268	688	0
52	751	0
329	422	0
75	134	0
307	483	0
62	384	0
190	597	0
249	255	0
212	501	0
71	338	0
19	591	0
602	686	0
689	692	0
170	545	0
455	747	0
616	625	0
268	406	0
126	422	0
579	744	0
239	653	0
495	759	0
331	638	0
369	647	0
558	787	0
120	763	0
83	497	0
164	325	0
50	486	0
71	624	0
18	636	0
292	402	0
371	426	0
153	227	0
373	376	0
176	652	0
304	337	0
12	98	0
178	374	0
417	662	0
269	653	0
608	655	0
366	755	0
75	706	0
59	217	0
97	398	0
6	576	0
44	403	0
172	344	0
465	738	0
106	212	0
16	244	0
325	374	0
92	391	0
681	742	0
332	662	0
168	463	1
130	270	0
357	805	0
563	710	0
14	786	0
291	395	0
225	403	0
350	397	0
279	698	0
104	604	0
67	336	0
91	374	0
453	611	0
220	402	0
242	758	0
697	774	0
120	670	0
483	736	0
130	491	0
50	753	0
200	222	0
510	511	0
572	622	0
149	267	0
133	758	0
6	140	0
71	502	0
581	776	0
545	569	0
656	721	0
15	758	0
199	701	0
38	573	0
521	597	0
426	511	0
8	608	0
704	717	0
372	619	0
402	582	0
162	249	0
381	483	0
275	458	0
169	563	0
134	371	0
119	339	0
321	408	0
29	71	0
376	733	0
216	626	0
587	804	0
472	540	0
182	704	0
38	799	0
475	659	0
369	436	0
537	633	0
406	787	0
206	609	0
47	551	0
33	253	0
18	363	0
344	779	0
132	231	0
282	660	0
209	476	0
262	614	0
194	424	0
88	731	0
80	404	0
180	235	0
627	642	0
60	513	0
242	412	0
317	430	0
84	399	0
191	469	0
394	649	0
325	611	0
289	437	0
553	640	0
237	407	0
19	284	0
312	786	0
518	710	0
441	626	0
207	579	0
27	249	0
134	703	1
741	772	0
636	749	0
14	481	0
164	438	0
22	572	0
278	426	0
13	468	0
47	91	0
251	500	0
515	749	0
623	660	0
184	443	0
493	591	0
170	626	0
524	613	0
65	328	0
81	140	0
395	603	0
322	601	0
217	437	0
588	668	0
457	486	0
314	601	0
44	706	0
460	751	0
580	796	0
420	636	0
361	578	0
69	273	0
568	656	0
182	592	0
537	583	0
19	728	0
22	98	0
245	496	0
546	783	0
66	709	0
323	602	0
14	605	0
533	755	0
398	700	0
420	476	0
224	309	0
22	120	0
233	425	0
144	406	0
590	623	0
3	349	0
131	656	0
206	372	0
387	570	0
304	323	0
461	733	0
383	700	0
125	380	0
508	612	0
112	617	0
409	531	0
594	805	0
628	759	0
69	77	0
399	612	0
71	779	0
55	390	0
167	712	0
168	570	0
41	716	0
166	744	0
33	748	0
306	664	0
36	497	0
479	731	0
81	152	0
353	595	0
45	381	0
104	711	0
157	323	0
180	740	0
452	629	0
181	333	0
293	771	0
241	466	0
183	403	0
418	752	0
154	663	0
48	446	0
266	461	0
124	393	0
327	548	0
297	690	0
95	536	0
149	400	0
101	636	0
30	397	0
582	718	0
256	346	0
204	384	0
665	690	0
226	584	0
25	531	0
100	113	0
357	366	0
33	40	0
198	674	0
548	729	0
273	761	0
327	330	0
20	274	0
29	220	0
88	520	0
105	622	0
455	778	0
307	806	0
253	785	0
53	214	0
700	791	0
293	327	0
167	370	0
61	747	0
78	699	0
467	801	0
86	134	0
161	317	0
34	549	0
436	496	0
590	656	0
505	602	0
298	382	0
447	645	0
66	242	0
549	743	0
640	653	0
53	488	0
166	185	1
188	321	0
227	445	0
123	380	0
261	652	0
70	805	0
201	369	0
515	696	0
532	634	0
274	278	0
26	407	0
208	542	0
193	366	0
125	316	0
140	435	0
612	789	0
142	289	0
382	618	0
112	122	0
658	739	1
633	680	0
406	490	0
83	331	0
264	495	0
309	693	0
84	765	0
69	356	0
16	368	0
17	201	0
348	701	0
127	697	0
366	574	0
418	559	0
435	503	0
74	157	0
6	750	0
530	784	0
62	698	0
474	721	0
413	744	0
196	648	0
508	548	0
291	445	0
1	494	0
364	454	0
40	404	0
116	423	0
425	606	0
516	674	0
49	474	0
267	367	0
201	231	0
58	344	0
168	560	0
6	520	0
135	172	0
482	648	0
121	312	0
174	306	0
606	721	0
55	117	0
296	604	0
153	501	0
10	342	0
448	695	0
12	264	0
50	599	0
162	381	0
237	727	0
73	270	0
20	771	0
58	442	0
225	475	0
77	763	0
120	239	0
552	753	0
15	520	0
181	304	0
2	481	0
205	394	0
710	744	0
525	599	0
290	392	0
110	377	0
147	497	0
393	688	0
42	761	0
59	717	0
208	257	0
261	281	0
155	778	0
210	435	0
263	447	0
15	302	0
16	760	0
91	92	0
128	450	0
521	621	0
280	317	0
318	469	0
408	647	0
267	521	0
478	620	0
163	712	0
343	428	0
20	327	0
13	650	0
272	627	0
747	774	0
38	807	0
189	457	0
100	228	0
302	664	0
85	264	0
485	558	0
252	303	0
125	535	0
553	574	0
146	508	0
111	484	0
169	805	0
276	527	0
7	745	0
66	167	0
178	557	0
195	601	0
269	450	0
640	762	0
74	618	0
271	276	0
203	764	0
379	453	0
39	728	0
242	420	0
226	801	0
317	470	0
85	106	0
69	661	0
87	716	0
467	686	0
21	451	0
403	757	0
244	653	0
133	420	0
285	745	0
270	493	0
74	332	0
37	88	0
535	713	0
39	574	0
120	514	0
248	567	0
174	803	0
265	581	0
469	493	0
198	229	0
515	805	0
438	660	0
312	552	0
4	294	0
425	783	0
327	632	0
283	377	0
395	611	0
453	717	0
594	681	0
187	261	0
474	542	0
316	487	0
419	629	0
46	200	0
196	605	0
378	664	0
567	638	0
569	707	0
71	399	0
18	537	0
93	243	0
115	551	0
280	528	0
245	424	0
102	355	0
374	708	0
267	314	0
608	740	0
20	594	0
58	653	0
402	682	0
7	308	0
317	636	0
67	601	0
145	489	0
561	780	0
505	644	0
32	756	0
641	666	0
71	685	0
478	689	0
404	428	0
357	768	0
193	807	0
214	651	0
703	776	0
141	575	0
434	523	0
148	365	0
441	477	0
611	729	0
526	721	0
172	411	0
210	226	0
104	609	0
121	581	0
174	441	0
107	630	0
271	609	0
309	734	0
245	790	0
183	309	0
702	799	0
586	681	0
48	382	0
79	452	0
24	173	0
101	156	0
492	712	0
410	595	0
34	199	0
73	699	0
592	613	0
81	224	0
389	411	0
46	614	0
397	796	0
15	669	0
271	775	0
309	496	0
77	116	0
115	385	0
318	358	0
764	786	0
621	631	0
416	506	0
155	623	0
501	777	0
321	435	0
263	560	0
391	639	0
233	735	0
526	729	0
367	807	0
454	691	0
78	465	0
206	522	0
472	743	0
467	774	0
33	208	0
363	681	0
548	785	0
109	453	0
530	740	0
383	713	0
104	219	0
329	626	0
105	550	0
468	716	0
436	536	0
159	524	0
310	663	0
114	300	0
8	385	0
538	602	0
122	803	0
229	589	0
123	454	0
476	750	0
94	325	0
131	477	0
276	658	0
207	622	0
105	474	0
27	284	0
299	531	0
28	115	0
708	765	0
322	336	0
51	146	0
549	703	0
143	674	0
511	804	0
390	553	0
39	589	0
188	265	0
99	190	0
708	782	0
523	768	0
174	716	0
356	727	0
32	229	0
288	351	0
507	581	0
71	188	0
274	350	0
94	103	0
95	202	0
592	778	0
26	463	0
27	58	0
283	468	0
24	370	0
571	697	0
53	706	0
59	397	0
166	419	1
210	755	0
778	801	0
429	787	0
303	782	0
287	373	0
19	598	0
199	681	0
537	618	0
4	425	0
334	688	0
193	624	0
66	766	0
253	544	0
715	727	0
74	213	0
180	396	0
331	718	0
482	622	0
158	525	0
196	704	0
378	559	0
468	573	0
288	795	0
56	134	0
71	512	0
2	9	0
274	802	0
371	564	0
116	415	0
387	705	0
547	626	0
118	549	0
134	496	0
728	793	0
382	623	0
417	518	0
539	719	0
111	676	0
276	335	0
611	612	0
150	352	0
278	789	0
542	550	0
559	652	0
46	305	0
429	471	0
579	653	0
196	486	0
414	437	0
658	719	1
563	797	0
55	445	0
167	551	0
115	206	0
206	600	0
116	189	0
368	761	0
233	571	0
138	315	0
395	472	0
34	376	0
396	631	0
110	471	0
574	793	0
275	638	0
367	492	0
81	179	0
29	691	0
226	763	0
15	576	0
243	523	0
113	610	0
511	516	0
2	589	0
360	776	0
115	492	0
463	762	0
16	590	0
281	386	0
500	562	0
103	631	0
125	155	0
73	544	0
424	512	0
90	433	0
96	399	0
480	558	1
12	504	0
411	620	0
472	622	0
8	479	0
420	738	0
538	589	0
475	585	0
487	499	0
109	280	0
509	542	0
111	318	0
96	749	0
260	302	0
29	247	0
216	482	0
158	389	0
52	136	0
384	614	0
55	775	0
316	517	0
189	497	0
100	188	0
137	142	0
319	658	0
595	793	0
70	540	0
56	58	0
296	489	0
180	197	0
207	733	0
65	188	0
117	579	0
179	436	0
589	632	0
293	388	0
97	515	0
114	675	0
367	401	0
613	715	0
190	788	0
709	780	0
400	470	0
114	444	0
146	230	0
365	498	0
386	665	0
95	153	0
133	508	0
27	105	0
669	730	0
305	591	0
13	150	0
217	267	0
382	591	0
53	693	0
516	801	0
294	641	0
300	710	0
368	386	0
47	459	0
123	689	0
514	524	0
199	764	0
93	281	0
334	541	0
117	403	0
335	460	0
706	752	0
447	774	0
66	595	0
72	524	0
89	754	0
507	534	0
383	496	0
557	796	0
404	587	0
421	659	1
294	611	0
44	594	0
597	778	0
301	445	0
477	509	0
213	529	0
363	418	0
18	609	0
115	543	0
280	584	0
79	120	0
282	410	1
11	744	0
49	445	0
177	192	0
194	258	0
35	254	0
110	806	0
20	522	0
58	325	0
165	623	0
519	592	0
520	626	0
488	634	0
196	331	0
15	785	0
1	163	0
76	801	0
382	679	0
510	633	0
470	553	0
396	644	0
570	729	0
36	355	0
440	620	0
37	694	0
160	435	0
82	481	0
45	235	0
104	697	0
301	769	0
339	434	0
106	491	0
180	630	0
107	574	0
346	410	0
491	671	0
129	176	0
429	563	0
258	596	0
710	766	0
392	606	0
723	745	0
600	717	0
86	616	0
267	782	0
319	611	0
253	505	0
56	555	0
312	405	0
510	536	0
58	249	0
21	499	0
224	737	0
388	554	0
45	397	0
449	524	0
439	714	0
285	446	0
158	180	0
780	788	0
181	253	0
566	672	0
625	694	0
422	761	0
115	377	0
99	604	0
63	249	0
53	531	0
124	505	0
531	683	0
5	693	0
200	473	0
328	750	0
275	489	0
169	558	0
223	487	0
365	481	0
685	718	0
134	348	0
263	632	1
105	476	0
218	229	0
91	785	0
54	391	0
129	636	0
39	465	0
422	475	0
561	593	0
85	371	0
303	428	0
215	752	0
491	621	0
313	376	0
207	768	0
722	740	0
463	682	0
65	239	0
454	582	0
88	696	0
480	626	0
269	477	0
397	744	0
164	757	0
352	613	0
75	402	0
97	702	0
39	311	0
517	533	0
69	688	0
87	555	0
311	663	0
131	277	0
518	675	0
40	792	0
320	330	0
305	538	0
14	450	0
142	183	0
143	666	0
203	391	0
740	742	0
356	751	0
160	338	0
17	63	0
623	683	0
154	368	0
140	259	0
359	393	0
89	349	0
473	574	0
662	664	0
307	511	0
283	428	0
148	623	0
460	780	0
120	709	0
227	747	0
32	523	0
459	595	0
469	554	0
145	300	0
18	562	0
93	238	0
348	529	0
115	586	0
135	758	0
101	675	0
287	492	0
49	328	1
178	428	0
435	615	0
308	799	0
59	147	0
98	759	0
61	481	0
512	799	0
482	561	0
197	225	0
236	521	0
639	647	0
183	655	0
387	537	0
311	506	0
452	522	0
267	511	0
608	807	0
435	773	0
366	539	0
148	330	0
519	709	0
22	359	0
278	733	0
119	801	0
249	611	0
768	788	0
345	796	0
305	738	0
1	56	0
241	659	0
77	365	0
168	535	0
359	435	0
10	294	0
138	499	0
11	67	0
86	517	0
12	408	0
215	227	0
396	575	0
402	572	0
21	422	0
208	371	0
225	587	0
7	151	0
104	804	0
211	520	0
450	464	0
614	650	0
234	427	0
197	549	0
506	587	0
129	781	0
2	565	0
612	708	0
764	783	0
160	613	0
358	632	0
205	777	0
328	699	0
57	483	0
20	209	0
97	128	0
132	523	0
43	208	0
28	501	0
66	275	0
123	397	0
46	805	0
158	291	0
657	730	0
91	204	0
361	560	0
127	484	0
384	748	0
204	421	0
524	643	0
431	654	0
33	203	0
495	766	0
18	289	0
570	786	0
508	738	0
57	189	0
539	705	0
223	360	0
351	423	0
74	252	0
104	224	0
88	741	0
216	474	0
158	477	0
397	699	0
695	750	0
231	245	0
437	650	0
60	603	0
657	763	0
596	645	0
354	376	0
317	356	0
302	520	0
70	612	0
34	582	0
553	590	0
259	311	0
26	726	0
557	794	0
374	649	0
299	566	0
355	631	0
600	701	0
344	429	0
142	224	0
382	677	0
53	459	0
175	456	0
97	587	0
114	747	0
62	283	0
32	218	0
160	271	0
87	700	0
439	488	0
438	762	0
130	683	0
277	509	0
443	695	0
788	805	0
779	794	0
374	738	0
145	749	0
268	285	0
360	710	1
659	668	0
53	749	0
202	233	0
277	537	0
44	756	0
83	358	0
100	648	0
175	190	0
123	633	0
16	349	0
108	243	0
1	559	0
183	707	0
19	674	0
683	763	0
334	597	0
524	701	0
139	409	0
328	430	1
23	235	0
413	715	0
303	587	0
54	711	0
3	318	0
664	695	1
24	534	0
478	551	0
10	617	0
283	635	0
283	567	0
527	728	0
72	802	0
126	245	0
127	772	0
239	446	0
261	696	0
407	622	0
157	631	0
31	66	0
235	431	0
590	727	0
242	577	0
386	423	0
244	407	0
64	565	0
371	383	0
33	570	0
125	404	0
396	588	0
153	176	0
20	800	0
58	95	0
276	394	0
59	778	0
699	785	0
119	698	0
29	686	0
390	711	0
68	84	0
529	750	0
180	558	0
107	518	0
552	665	0
519	612	0
344	544	0
242	803	0
746	785	0
281	421	0
86	656	0
103	594	0
459	465	0
267	392	0
290	429	0
250	576	0
133	801	0
119	472	0
135	343	0
428	483	0
465	729	0
345	395	0
16	741	0
128	431	0
475	792	0
648	694	0
385	560	0
538	630	0
78	423	0
25	601	0
431	573	0
638	703	0
363	795	0
34	793	0
413	601	0
327	380	0
147	234	0
590	678	0
5	136	0
43	77	0
246	628	0
686	785	0
156	356	0
194	211	0
559	706	0
15	35	0
610	747	0
203	771	0
114	474	0
67	512	0
243	514	0
131	745	0
561	665	0
212	563	0
258	397	0
583	732	0
86	92	0
17	699	0
289	318	0
483	578	0
381	656	0
19	149	1
494	497	0
133	229	0
148	410	0
262	523	0
470	719	0
104	363	0
269	485	0
489	791	0
113	227	0
167	394	0
151	769	0
522	663	0
62	164	0
249	419	0
583	770	0
145	168	0
358	474	0
147	678	0
494	723	0
389	557	0
50	359	0
37	123	0
459	729	0
633	758	0
61	101	0
210	609	0
264	473	0
191	742	0
197	357	0
288	463	1
342	630	0
71	332	0
257	560	0
335	491	0
383	637	0
156	718	0
140	203	0
88	172	0
141	158	0
89	661	0
640	771	0
383	479	0
240	807	0
22	227	0
39	771	0
469	732	0
545	666	0
378	701	0
568	613	0
405	623	0
348	789	0
153	466	0
5	768	0
172	410	0
282	391	0
266	512	0
527	655	0
254	475	0
544	653	0
58	686	0
44	397	0
542	660	0
232	757	0
174	248	0
16	246	0
45	347	0
606	799	0
349	366	0
250	802	0
64	738	0
546	570	0
12	322	0
729	752	0
141	546	0
14	784	0
110	613	0
291	397	0
111	788	0
202	592	0
125	697	0
22	303	0
150	464	0
23	578	0
157	453	0
211	738	0
385	503	0
181	454	0
491	724	0
326	753	0
379	605	0
183	280	0
242	756	0
53	274	0
410	692	0
177	359	0
72	395	0
147	443	0
440	687	0
96	273	0
43	378	0
551	693	0
82	284	0
210	489	0
449	551	0
552	749	0
142	578	0
197	765	0
498	661	0
294	393	0
422	722	0
189	701	0
372	629	0
200	446	0
111	200	0
4	758	0
96	639	0
168	726	1
405	593	0
525	747	0
394	578	0
51	565	0
217	733	0
489	576	0
128	314	0
33	661	0
574	675	0
78	562	0
228	507	0
48	577	0
541	803	0
345	747	0
125	621	0
199	298	0
381	707	0
259	593	0
361	652	0
463	721	0
134	403	0
156	255	0
104	312	0
51	467	0
655	747	0
324	805	0
648	799	0
78	716	0
523	577	0
619	756	0
281	508	0
235	751	0
108	375	0
661	723	0
41	442	0
518	708	0
26	526	0
230	806	0
29	393	0
51	241	0
14	487	0
752	800	0
700	706	0
536	611	0
558	736	0
173	574	0
31	672	0
32	770	0
674	689	0
490	578	0
300	389	0
348	548	0
365	386	0
493	589	0
564	714	0
153	562	0
300	449	0
155	204	0
193	305	0
156	675	0
322	599	0
253	737	0
356	504	0
201	798	0
473	545	0
224	489	0
741	795	0
98	398	0
481	510	0
210	724	0
450	790	0
122	504	0
128	751	0
109	526	0
2	200	0
115	625	0
95	463	0
719	735	0
141	275	0
730	731	0
74	246	0
58	723	0
402	693	0
98	720	0
275	321	0
317	562	0
68	488	0
175	596	0
128	525	0
130	215	0
24	590	0
701	757	0
603	623	0
291	472	0
366	636	0
148	439	0
276	364	0
404	793	0
22	344	0
171	638	0
7	396	0
472	684	0
228	231	0
509	719	0
271	555	0
1	211	0
650	736	0
244	463	1
200	379	0
11	38	0
357	453	0
802	807	0
215	222	0
509	751	0
431	578	0
201	436	0
150	676	0
292	581	0
133	583	0
225	558	0
188	662	0
444	776	0
194	599	0
472	657	0
505	782	0
270	608	0
16	527	0
324	658	0
601	686	0
129	800	0
612	672	0
422	623	0
115	459	0
78	253	0
9	474	0
160	602	0
177	540	0
111	127	0
6	505	0
502	520	0
67	253	0
730	807	0
742	807	0
350	662	0
128	407	0
458	674	0
96	593	0
61	519	0
544	559	0
266	301	0
394	486	0
161	465	0
548	731	0
96	650	0
171	216	0
172	567	0
50	426	0
178	692	0
638	642	0
158	486	0
461	567	0
678	745	0
38	136	0
8	459	0
407	477	0
302	749	0
401	545	0
213	414	0
215	608	0
200	775	0
94	371	0
131	391	0
42	214	0
432	627	0
743	802	0
579	773	0
510	747	0
375	382	0
412	484	0
562	778	0
255	644	0
271	419	0
165	236	0
526	670	0
21	740	0
546	669	0
522	687	0
62	380	0
249	347	0
31	759	0
748	779	0
176	446	0
514	719	0
551	612	0
71	246	0
56	309	0
313	714	0
43	593	0
299	398	0
28	299	0
89	307	0
53	648	0
713	745	0
38	340	0
166	409	0
369	611	0
558	623	0
61	173	0
173	435	0
123	604	0
88	619	0
388	774	0
145	402	0
18	672	0
257	632	0
19	649	0
611	797	0
447	805	0
49	766	0
486	789	0
363	723	0
141	166	0
495	553	0
97	234	0
551	700	0
723	778	0
580	641	0
68	445	0
92	299	0
499	642	0
537	722	0
530	603	0
280	677	0
79	95	0
170	793	0
101	563	0
209	442	0
28	751	0
11	145	0
162	665	0
418	783	0
694	750	0
165	514	0
81	591	0
542	748	0
174	304	0
167	537	0
295	548	0
116	725	0
656	775	0
138	353	0
246	652	0
214	732	0
140	727	0
34	334	0
396	681	0
56	746	0
20	781	0
21	52	0
171	747	0
44	123	0
45	206	0
30	162	0
91	432	0
55	277	0
93	706	0
24	503	0
153	277	0
281	456	0
154	582	0
85	722	0
11	211	0
177	687	0
306	781	0
492	692	0
73	622	0
147	499	0
419	630	0
42	743	0
298	653	0
45	496	0
513	683	0
471	629	0
159	632	0
114	213	0
627	707	0
717	782	0
48	299	0
209	459	0
267	523	0
87	138	0
505	704	0
337	542	0
147	209	0
95	655	0
171	183	0
428	542	0
68	565	0
165	477	0
347	406	0
316	607	0
152	744	0
206	607	0
717	792	0
561	636	0
160	179	0
17	734	0
200	724	0
513	771	0
94	476	0
313	411	0
96	773	0
43	782	0
65	202	0
31	586	0
85	243	0
13	618	0
414	763	0
271	278	0
75	433	0
77	611	0
317	468	0
174	583	0
179	370	0
393	444	0
583	793	0
251	336	0
235	695	0
17	504	0
145	195	0
477	611	0
94	254	0
170	278	0
415	604	0
486	580	0
433	584	0
308	696	0
256	787	0
60	297	0
687	751	0
355	383	0
265	587	0
514	578	0
622	675	0
236	426	0
130	347	0
648	764	0
494	790	0
297	314	0
321	684	0
322	671	0
126	393	0
142	434	0
662	677	0
632	794	0
578	585	0
22	196	0
44	644	0
136	583	0
391	497	0
47	371	0
69	215	0
16	493	0
618	684	0
555	604	0
25	337	0
329	623	0
275	372	0
14	539	0
73	125	0
435	578	0
111	541	0
37	410	0
187	485	0
44	426	0
542	697	0
233	359	0
340	717	0
378	632	0
182	312	0
3	407	0
41	616	0
193	805	0
214	649	0
654	730	0
72	178	0
271	435	0
412	465	0
37	764	0
42	790	0
353	703	0
617	666	0
121	587	0
339	508	0
325	528	0
250	801	0
551	667	0
627	691	0
205	475	0
116	202	0
86	550	0
33	682	0
573	764	0
225	598	0
82	313	0
120	380	0
284	541	0
582	618	0
15	671	0
785	788	0
222	424	0
113	725	0
183	469	0
115	387	0
354	729	0
353	463	0
506	524	0
12	739	0
312	317	0
111	183	0
95	594	0
389	455	0
156	502	0
38	464	0
105	266	0
323	351	0
52	263	1
90	126	0
255	792	0
128	351	0
293	571	0
475	648	0
549	726	0
189	634	0
446	592	0
539	764	0
177	774	0
161	409	0
290	767	0
221	777	0
609	795	0
351	410	0
373	638	0
62	474	0
29	130	0
51	502	0
513	733	0
552	601	0
447	768	0
627	683	0
129	724	0
596	666	0
333	524	0
212	675	0
85	155	0
485	721	0
252	700	0
476	744	0
367	733	0
5	314	0
134	726	0
29	420	0
31	497	0
269	373	0
74	287	0
223	473	0
484	554	0
558	709	0
519	785	0
136	438	0
446	599	0
196	782	0
674	682	0
288	337	0
438	711	0
19	483	0
80	531	0
154	262	0
51	74	0
304	743	0
248	594	0
50	503	0
446	692	0
253	732	0
14	298	0
576	735	0
331	482	0
459	681	0
545	552	0
558	602	0
355	561	0
108	208	0
236	285	0
183	806	0
348	536	0
499	757	0
26	239	0
524	674	0
176	560	0
139	388	0
62	421	0
14	580	0
550	650	0
666	693	0
240	695	0
404	544	0
374	459	0
23	782	0
236	403	0
66	568	0
286	580	0
325	482	0
145	644	0
384	476	0
205	524	0
131	697	0
116	409	0
334	336	0
63	690	0
287	448	0
136	716	0
470	656	0
456	510	0
185	544	0
58	286	0
684	702	0
193	493	0
92	568	0
90	623	0
699	744	0
395	617	0
241	713	0
77	419	0
88	197	0
145	621	0
666	714	0
12	466	0
305	344	0
125	439	0
355	487	0
185	770	0
315	643	0
617	775	0
300	469	0
545	555	0
362	682	0
2	587	0
544	806	0
286	530	0
455	613	0
166	556	0
176	346	0
136	694	0
34	88	0
57	425	0
43	138	0
150	674	0
65	630	0
581	646	0
51	647	0
90	163	0
107	771	0
241	277	0
371	646	0
629	650	0
372	741	0
176	440	0
87	178	0
199	404	0
401	485	0
73	768	0
320	723	0
164	236	0
368	751	0
13	395	0
135	582	0
476	625	0
191	321	0
138	607	0
85	187	0
87	400	0
18	249	0
238	804	1
131	426	0
313	467	0
170	460	0
246	345	0
27	333	0
134	547	0
66	237	0
268	625	0
216	258	0
126	773	0
382	659	0
53	401	0
437	626	0
39	738	0
383	391	0
423	515	0
338	749	0
265	673	0
393	500	0
253	545	0
415	627	0
198	257	0
494	748	0
374	661	0
579	582	0
739	752	0
503	614	0
307	395	0
127	266	0
143	561	1
202	223	0
106	799	0
437	788	0
61	415	0
294	647	0
239	754	0
61	136	0
100	754	0
339	794	0
122	406	0
69	397	0
342	659	0
236	498	0
273	376	0
257	531	0
554	795	0
169	319	0
102	463	0
560	659	0
359	500	0
408	416	0
456	685	0
202	433	0
404	597	0
277	449	0
151	488	0
671	753	0
420	453	0
175	486	0
303	669	0
128	671	0
537	757	0
24	544	0
280	586	0
79	122	0
245	366	0
118	660	0
177	198	0
141	355	0
185	723	0
286	577	0
519	594	0
22	494	0
405	478	0
537	674	0
337	504	0
303	621	0
232	722	0
68	376	0
31	116	0
144	280	0
272	365	0
310	469	1
361	434	0
297	718	0
64	719	0
229	267	0
214	689	0
215	360	0
625	802	0
202	629	0
21	31	0
444	666	0
84	625	0
165	588	0
710	741	0
482	551	0
55	304	0
183	383	0
349	531	0
10	147	0
81	513	0
33	338	0
237	530	0
186	432	0
337	415	0
375	684	0
65	673	0
7	194	0
301	545	0
159	391	0
204	300	0
99	606	0
25	615	0
445	566	0
63	251	0
25	444	0
170	382	0
328	528	0
147	180	0
82	547	0
10	552	0
30	259	0
21	36	0
398	487	0
128	263	0
168	490	0
487	798	0
671	797	0
243	588	0
25	641	0
544	671	0
561	599	0
377	578	0
319	803	0
160	168	0
345	486	0
604	620	0
313	382	0
367	567	0
133	171	0
562	783	0
134	636	1
375	456	0
559	742	0
717	783	0
218	261	0
91	561	0
75	404	0
368	410	0
97	700	0
242	447	0
481	605	0
8	91	0
794	803	0
84	430	0
191	458	0
484	576	0
17	275	0
644	807	0
184	380	0
176	486	0
41	405	0
175	745	0
668	718	0
507	772	0
566	701	0
382	542	0
53	614	0
181	593	0
39	535	0
353	500	0
575	673	1
498	759	0
41	682	0
474	742	0
446	623	0
106	708	0
86	470	0
108	122	0
71	134	0
693	699	0
183	584	0
40	234	0
475	571	0
153	525	1
155	171	0
50	447	0
559	680	0
601	664	0
314	632	0
179	721	0
316	478	0
46	179	0
250	342	0
236	357	0
18	560	0
718	737	0
130	406	0
102	378	0
49	334	1
50	225	0
88	276	0
608	731	0
58	756	0
330	369	0
6	636	1
135	792	0
157	736	0
512	785	0
505	749	0
382	493	0
236	523	0
55	193	0
516	597	0
461	682	0
106	429	0
281	353	0
373	430	0
267	497	0
434	610	0
382	436	0
720	803	0
21	194	0
59	115	0
97	292	0
146	772	0
120	131	0
693	752	0
414	499	0
197	769	0
379	578	0
167	745	0
168	537	0
99	783	0
380	761	0
56	210	0
682	754	0
419	488	0
132	727	0
663	757	0
133	698	0
426	436	0
135	476	0
67	442	0
51	801	0
620	726	0
453	713	0
203	682	0
55	645	0
2	563	0
353	540	0
31	400	0
138	211	0
214	302	0
396	799	0
410	761	0
20	211	0
48	110	0
132	501	0
134	175	0
641	748	0
284	728	0
581	606	0
216	702	0
270	415	0
219	309	0
61	554	0
438	607	0
123	209	0
341	778	0
15	538	0
94	562	0
185	502	0
3	755	0
155	730	0
156	177	0
289	342	0
13	536	0
307	775	0
695	744	0
437	648	0
443	488	0
486	501	0
122	778	0
468	754	0
485	700	0
10	157	0
570	626	0
131	482	0
4	124	0
652	768	0
744	801	0
552	627	0
382	683	0
329	573	0
575	797	0
166	216	0
100	338	0
406	683	0
227	474	0
191	639	0
584	793	0
288	310	0
1	771	0
438	760	0
221	744	0
238	574	1
154	291	0
102	768	0
305	661	0
217	321	0
308	552	0
112	153	0
379	397	0
45	587	0
136	761	0
504	787	0
451	780	0
123	635	0
287	402	0
144	164	0
365	730	0
4	432	0
351	539	0
230	344	0
615	790	0
218	510	1
254	338	0
291	804	0
398	712	0
75	589	0
317	520	0
451	554	0
107	444	0
128	583	0
409	601	0
537	685	0
24	536	0
206	256	0
297	612	0
478	621	0
410	770	0
508	568	0
35	184	0
73	461	0
81	123	0
383	744	0
330	484	0
519	666	0
482	683	0
372	526	0
175	764	0
180	778	0
474	747	0
491	571	0
93	771	0
115	247	0
153	470	0
11	16	0
49	165	0
379	698	0
50	630	0
306	716	0
110	574	0
275	615	0
572	727	0
646	682	0
578	788	0
171	726	0
119	692	0
413	781	0
531	733	0
551	619	0
642	773	0
601	679	0
129	254	0
183	423	0
77	224	0
361	775	0
190	449	0
483	601	0
467	689	0
379	408	0
125	244	0
195	466	0
238	461	0
185	199	0
412	749	0
315	580	0
389	437	0
55	523	0
307	556	0
51	682	0
158	242	0
142	535	0
270	456	0
452	491	0
203	551	0
39	181	0
665	766	0
253	312	0
704	788	0
176	413	0
243	283	0
507	707	0
200	531	0
509	631	0
6	337	0
246	586	0
7	552	0
156	358	1
543	650	0
13	683	0
323	495	0
22	206	0
402	511	0
574	788	0
316	636	0
561	671	0
161	265	0
34	761	0
200	753	0
556	662	0
26	697	0
282	559	0
66	134	0
194	499	0
51	358	0
337	773	0
513	589	0
218	509	0
180	488	0
502	601	0
406	708	0
428	596	0
523	692	0
174	608	0
69	630	0
391	608	0
70	721	0
108	412	0
145	174	0
57	554	0
131	367	0
259	418	0
693	794	0
27	142	0
433	619	0
30	791	1
307	430	0
36	720	0
526	634	1
166	343	0
135	668	0
83	663	0
327	358	0
583	639	0
507	567	0
532	684	0
93	306	0
455	687	0
3	54	0
576	788	0
293	722	0
446	518	0
541	554	0
108	541	0
72	531	0
738	794	0
204	764	0
248	308	0
212	215	0
645	685	0
461	528	0
408	420	0
260	717	0
267	347	0
126	132	0
163	410	0
97	386	0
82	214	1
68	261	0
372	666	0
658	699	0
310	462	0
115	802	0
631	679	0
64	740	0
139	242	0
103	317	0
140	777	0
289	705	0
269	619	0
114	423	0
58	398	0
377	580	0
150	470	0
278	667	0
119	747	0
559	638	0
301	794	0
540	655	0
620	632	0
362	792	0
346	389	0
272	544	0
129	169	0
257	412	0
295	380	0
244	356	0
335	591	0
229	456	0
305	424	0
569	619	0
253	466	0
119	154	0
574	780	0
149	279	0
133	754	0
6	128	0
263	371	0
285	471	0
146	401	0
159	418	0
16	692	0
54	156	1
294	399	0
152	404	0
269	415	0
506	545	0
124	464	0
561	647	0
163	564	0
471	594	0
510	643	1
6	418	1
74	521	0
247	282	0
263	529	0
376	737	0
178	613	0
673	701	0
128	316	0
368	657	0
485	615	0
406	791	0
191	243	0
464	756	0
33	241	0
587	643	0
364	741	0
94	522	0
556	747	0
133	182	0
299	338	0
269	438	0
381	694	0
414	673	0
164	732	0
152	615	0
114	335	0
189	383	0
62	247	0
523	579	0
89	233	0
584	627	0
757	767	0
198	503	1
274	415	0
683	735	0
4	52	0
441	630	0
207	591	0
358	610	0
756	806	0
246	483	0
194	326	0
268	705	0
368	768	0
91	754	0
60	355	0
443	621	0
368	400	0
123	709	0
160	329	0
342	545	0
623	656	0
183	615	0
184	447	0
147	565	0
244	631	0
207	365	0
335	344	0
579	726	0
139	709	0
156	701	0
433	480	0
596	728	0
179	196	0
217	441	0
216	319	0
210	722	0
391	427	0
516	684	0
182	596	0
93	135	0
518	749	0
297	386	0
367	713	0
11	668	0
304	482	0
88	313	0
162	512	0
73	171	0
550	695	0
588	638	0
239	530	0
18	733	0
59	136	0
274	419	0
81	720	0
98	750	0
740	769	0
279	391	0
46	118	0
233	429	0
340	663	0
70	264	0
236	544	0
174	599	0
101	622	0
332	365	0
712	733	0
417	551	0
269	574	0
110	660	0
185	579	0
59	86	0
225	322	0
427	650	0
559	685	0
118	450	0
512	596	0
90	576	0
271	565	0
491	515	0
249	441	0
497	578	0
370	464	0
79	264	0
446	765	0
48	84	0
525	734	0
164	617	0
124	679	0
599	779	0
343	391	0
254	806	0
36	509	0
732	806	0
261	400	0
353	599	0
120	326	0
784	789	0
121	755	0
30	215	0
89	416	0
196	251	0
15	673	0
41	482	0
113	515	0
75	106	0
423	444	0
264	539	0
48	434	0
255	375	0
638	795	0
87	115	0
34	125	0
151	330	0
298	806	0
394	805	0
284	757	0
46	780	0
345	449	0
371	664	0
128	361	0
142	191	0
316	710	0
281	701	0
302	785	0
143	738	0
547	694	0
56	251	0
254	738	0
111	351	0
6	281	0
172	561	0
156	174	0
284	411	0
233	549	0
579	581	0
330	585	0
38	142	0
220	805	0
226	678	0
361	420	0
377	477	0
319	691	0
86	154	0
252	374	0
643	725	0
200	777	0
257	650	0
296	456	0
109	428	0
5	480	0
311	635	0
27	296	0
134	524	0
66	206	0
29	506	0
359	599	0
456	782	0
691	780	0
75	100	0
60	400	0
443	536	0
494	695	0
136	480	0
339	731	0
69	590	0
585	683	0
71	240	0
207	442	0
221	643	0
403	586	0
80	589	0
208	530	0
360	749	1
142	293	0
143	532	0
58	800	0
594	632	0
187	652	0
792	794	0
61	171	0
173	433	0
9	592	0
84	252	0
319	721	0
391	543	0
401	667	0
182	641	0
109	607	0
257	638	0
274	564	0
3	14	0
614	644	0
207	246	0
304	575	0
247	753	0
486	779	0
253	628	0
126	482	0
698	739	0
355	434	0
74	153	0
438	453	0
507	568	0
22	169	0
95	266	0
390	589	0
515	791	0
301	414	0
323	634	0
23	505	0
364	450	0
349	434	0
206	293	0
153	223	0
447	517	0
486	545	0
248	403	0
349	364	0
13	379	0
141	390	0
434	656	0
20	553	0
75	654	0
230	551	0
172	284	0
724	785	0
83	139	0
121	316	0
68	349	0
499	632	0
129	503	0
242	600	0
24	731	0
131	513	0
568	698	0
374	777	0
58	530	0
404	731	0
469	577	0
276	497	0
44	117	0
30	160	0
15	532	0
109	602	0
272	616	0
368	797	0
257	625	0
24	505	0
423	467	0
244	348	0
214	444	0
50	693	0
115	677	0
146	564	0
73	620	0
312	436	0
186	341	0
520	764	0
65	652	0
82	738	0
391	646	0
105	131	0
180	363	0
16	764	0
39	673	0
203	570	0
55	565	0
204	337	0
439	666	0
354	674	0
371	704	0
10	795	0
318	473	0
122	710	1
138	163	0
11	435	0
506	601	0
267	525	0
342	451	0
492	596	0
328	525	0
147	211	0
630	790	0
260	338	0
81	299	0
209	382	0
262	768	0
767	807	0
51	623	0
196	610	0
203	792	0
206	605	0
302	668	0
584	685	0
267	747	0
108	667	0
568	693	0
468	762	0
662	741	0
96	775	0
170	498	0
43	768	0
27	391	0
172	676	0
1	628	0
13	616	0
30	542	0
536	583	0
627	747	0
90	301	0
329	595	0
330	764	0
22	670	0
114	663	0
242	416	0
88	336	0
317	466	0
523	651	0
174	581	0
191	489	0
546	754	0
161	590	0
469	733	0
19	344	0
94	252	0
131	370	0
518	642	0
80	410	0
133	416	0
50	382	0
156	583	0
533	585	0
37	68	0
250	422	0
187	571	0
37	313	0
61	94	0
378	723	0
62	489	0
75	634	0
106	569	0
69	435	0
438	805	0
507	554	0
71	357	0
532	649	0
230	801	0
576	777	0
494	788	0
334	553	0
615	616	0
139	525	0
156	741	1
741	807	0
571	767	0
473	765	0
417	540	0
314	541	0
166	522	0
391	499	0
396	499	0
452	739	0
469	715	0
474	807	0
145	269	0
372	494	0
565	741	0
295	791	0
116	272	0
304	426	0
12	123	0
527	692	0
89	600	0
550	767	0
58	649	0
187	487	0
628	668	0
262	503	0
692	763	0
512	790	0
250	589	0
144	466	0
516	586	0
376	433	0
370	566	0
282	320	0
461	723	0
177	414	0
306	634	0
344	697	0
163	223	0
127	662	0
111	765	0
667	757	0
151	379	0
23	571	0
617	664	0
29	570	0
430	555	0
399	600	0
400	522	0
183	305	0
167	652	0
258	616	0
25	147	0
79	448	0
392	650	0
229	467	0
86	548	0
103	510	0
140	580	0
402	543	0
186	390	0
172	359	0
651	758	0
135	451	0
284	543	0
307	678	0
118	559	0
220	681	0
102	224	0
8	585	0
461	649	0
33	394	0
550	551	0
413	587	0
509	645	0
312	319	0
111	631	0
169	730	0
132	490	0
43	49	0
65	537	0
29	126	0
180	510	0
143	234	0
128	337	0
168	481	0
574	650	0
78	469	0
461	499	0
85	327	0
303	496	0
198	750	0
186	712	0
56	179	0
387	513	0
111	407	0
313	324	0
223	329	0
5	6	0
191	417	0
246	762	0
289	632	0
88	708	0
344	366	0
513	723	0
255	632	0
695	719	0
240	271	0
22	715	0
410	418	0
189	346	0
411	626	0
319	715	0
204	609	0
125	680	0
311	683	0
403	676	0
298	306	0
282	607	0
246	388	0
13	797	0
416	548	0
255	350	0
27	541	0
203	499	0
655	802	0
726	781	0
235	802	0
71	184	0
476	520	0
386	800	0
4	375	0
409	449	0
49	602	0
215	432	0
509	717	0
351	770	0
74	511	0
319	396	0
464	774	0
149	527	0
459	683	0
417	771	0
410	488	0
62	532	0
709	711	0
342	740	0
1	520	0
109	551	0
93	162	0
79	378	0
169	338	0
260	575	0
148	383	0
283	758	0
502	510	0
589	699	0
72	611	0
533	730	0
487	714	0
327	640	0
22	81	0
84	778	0
158	625	0
529	693	0
326	588	0
603	628	0
537	648	0
24	629	0
297	583	0
154	248	0
192	443	0
283	532	0
269	537	0
110	761	0
127	805	0
148	414	0
38	410	0
91	280	0
194	684	0
157	600	0
31	35	0
272	402	0
512	746	0
242	608	0
168	579	0
729	788	0
101	299	0
563	634	0
124	668	0
50	539	0
380	758	0
162	417	0
292	556	0
351	752	0
573	685	0
133	608	0
171	309	0
443	456	0
194	590	0
121	726	0
413	784	0
159	284	0
474	494	0
103	442	0
451	544	0
445	703	0
10	76	0
357	403	0
437	527	0
87	110	0
120	248	0
497	516	0
396	538	0
275	352	0
679	795	0
564	602	0
391	718	0
195	473	0
158	239	0
86	541	0
222	662	0
127	560	0
368	515	0
241	267	0
78	390	0
280	377	0
505	740	0
432	532	0
17	634	0
120	285	0
109	276	0
96	718	0
111	314	0
497	730	0
171	241	0
246	599	0
119	223	0
543	617	0
128	189	0
656	771	0
86	566	0
261	404	0
379	568	0
316	513	0
243	739	0
462	771	0
212	594	0
394	547	0
270	697	0
87	402	0
125	731	0
553	634	0
471	563	0
757	762	0
221	508	0
276	707	0
540	784	0
192	654	0
526	807	0
29	277	0
268	627	0
731	743	0
382	657	0
74	686	0
517	664	0
368	463	0
97	519	0
39	668	0
762	787	0
429	704	0
393	506	0
123	343	0
160	475	0
787	806	0
361	451	0
19	400	0
131	330	0
606	774	0
170	748	0
208	567	0
401	785	0
65	466	0
447	452	0
585	651	0
285	685	0
35	678	0
201	690	0
164	258	0
442	684	0
633	663	0
483	676	0
47	471	0
288	494	0
680	800	0
42	517	0
221	320	0
197	557	0
626	655	0
200	287	0
176	591	0
141	191	0
456	687	0
261	293	0
737	802	0
314	725	0
39	800	0
120	796	0
173	366	0
196	657	0
69	173	0
288	716	0
335	724	0
24	546	0
598	727	0
25	271	0
304	370	0
13	342	0
126	161	0
202	657	0
471	521	0
721	747	0
114	150	0
235	475	0
272	367	0
1	167	0
422	679	0
497	752	0
115	769	0
10	447	0
319	395	0
447	710	0
635	730	0
396	640	0
360	453	1
127	686	0
401	489	0
21	29	0
573	576	0
4	496	0
23	611	0
366	386	0
175	804	0
324	418	0
271	677	0
257	511	0
396	789	0
8	803	0
758	759	0
393	751	0
401	788	0
530	676	0
402	615	0
534	708	0
383	790	0
422	680	0
225	668	0
355	679	0
449	512	0
52	475	0
350	672	0
16	657	0
38	594	0
39	239	0
422	765	0
8	513	0
391	567	0
146	755	0
254	656	0
147	182	0
132	418	0
246	512	0
411	765	0
376	486	0
270	304	0
345	757	1
310	561	1
199	494	0
467	706	0
369	557	0
87	449	0
18	328	0
381	740	0
371	682	0
168	348	0
5	94	0
373	564	0
65	227	0
262	583	0
609	620	0
29	328	0
397	740	0
180	212	0
74	627	0
330	729	0
423	592	0
504	684	0
47	804	0
146	183	0
274	384	0
222	474	0
313	606	0
347	382	0
208	644	0
155	399	0
322	404	0
571	775	0
74	341	0
283	305	0
363	725	0
443	765	0
84	142	0
106	706	0
32	801	0
288	411	0
515	716	0
18	780	0
93	456	0
455	737	0
432	571	0
283	400	0
670	796	0
140	319	0
503	757	0
456	636	0
473	514	0
292	450	0
60	102	0
47	344	0
361	545	0
287	329	0
568	689	0
718	743	0
25	378	0
260	759	0
10	750	0
343	614	0
588	611	0
239	561	1
165	702	0
412	421	0
81	563	0
157	766	0
233	392	0
309	547	0
621	647	0
700	707	0
27	546	0
12	182	0
752	762	0
89	797	0
694	765	0
22	379	0
150	300	0
210	251	0
104	131	0
157	512	0
486	688	0
693	766	0
250	776	0
178	694	0
1	60	0
528	770	0
508	532	0
115	138	0
244	302	1
33	643	0
414	788	0
63	507	0
493	505	0
440	763	0
148	180	0
132	721	0
446	497	0
298	761	0
172	210	0
226	753	0
729	796	0
430	750	0
54	170	0
55	647	0
24	105	0
190	442	0
561	774	0
397	691	0
72	341	0
147	357	0
468	482	0
169	765	0
42	373	0
502	619	0
449	669	0
67	218	0
195	401	0
142	680	0
152	569	0
458	709	0
76	148	0
203	236	0
372	735	0
87	372	0
161	282	0
364	671	0
146	358	0
221	802	0
185	500	0
424	604	0
132	277	0
424	537	0
192	552	0
246	671	0
143	414	0
29	187	0
583	723	0
471	573	0
90	443	0
218	372	0
167	269	0
481	526	0
333	613	0
137	202	0
356	474	0
213	447	0
431	488	0
587	687	0
734	755	0
40	539	0
43	656	0
194	284	0
269	334	0
589	725	0
511	783	0
22	526	0
60	437	0
227	476	0
339	758	0
47	169	0
123	287	0
490	630	0
93	443	0
311	612	0
493	641	0
95	221	0
207	439	0
27	85	0
143	288	0
85	171	0
602	675	0
285	661	0
52	640	0
308	554	0
632	776	0
380	463	0
369	524	0
135	715	0
287	412	0
288	534	0
438	536	0
130	457	0
95	499	0
207	213	0
154	451	0
49	287	0
321	594	0
231	243	0
253	535	0
59	322	0
171	780	0
98	292	0
279	345	0
407	644	0
376	446	0
672	763	0
158	538	0
303	599	0
399	788	0
55	182	0
2	62	0
116	384	0
387	744	0
228	730	0
143	362	1
500	596	0
343	763	0
111	655	0
148	507	0
522	644	0
51	129	0
227	406	0
447	731	0
157	627	0
233	245	0
31	78	0
688	740	0
309	680	0
590	731	0
497	696	0
295	453	0
386	419	0
382	685	0
500	773	0
650	776	0
487	521	0
292	521	0
154	706	0
43	389	0
45	303	0
104	757	0
232	458	0
195	222	0
430	667	0
299	600	0
552	669	0
55	378	0
183	417	0
3	711	0
281	742	0
445	666	0
281	425	0
160	534	0
124	351	0
140	476	0
34	51	0
5	336	0
471	490	0
147	272	0
43	163	0
81	116	0
724	746	0
195	508	0
307	726	0
180	328	0
724	789	0
648	698	0
661	687	0
445	636	0
372	652	0
85	469	0
176	415	0
342	492	0
34	789	0
273	555	0
200	533	0
509	629	0
147	238	0
185	423	0
4	685	0
96	710	0
134	280	0
172	619	0
156	352	0
449	490	0
105	408	0
414	624	0
53	152	0
421	453	0
511	636	0
39	405	0
459	798	0
152	711	0
136	204	0
584	714	0
325	760	0
364	786	0
96	804	0
118	289	1
65	171	0
7	712	0
428	803	0
105	698	0
255	712	0
368	420	0
60	490	0
406	730	0
338	772	0
84	480	0
425	718	0
454	712	0
184	310	0
94	217	0
95	160	0
5	328	0
133	387	0
118	195	0
617	706	0
562	670	0
322	476	0
126	718	0
201	661	0
37	103	0
575	763	0
45	540	0
356	651	0
265	612	0
175	233	0
288	451	0
108	188	0
236	393	0
575	750	0
184	532	0
115	744	0
41	141	0
80	677	0
335	503	0
389	715	0
304	617	0
412	636	0
72	533	0
179	795	0
307	334	0
164	205	0
495	765	0
166	567	0
28	355	0
44	619	0
227	551	0
122	339	0
250	396	0
415	476	0
182	505	0
2	147	0
3	214	0
412	706	0
478	628	0
433	632	0
616	789	0
266	524	0
402	463	1
141	380	0
35	521	0
533	586	0
165	630	0
268	403	0
44	393	0
262	464	0
211	392	0
250	622	0
309	539	0
606	771	0
3	500	0
322	701	0
483	776	0
287	445	0
139	244	0
177	441	0
699	755	0
125	451	0
306	543	0
8	672	0
382	498	0
58	396	0
42	777	0
278	665	0
459	601	0
559	632	0
512	761	0
31	435	0
551	696	0
309	317	0
326	757	0
497	565	0
168	723	0
525	667	1
667	683	0
154	522	0
341	652	0
124	268	0
140	617	0
34	228	0
72	399	0
653	715	0
572	612	0
186	411	0
224	730	0
43	382	0
315	757	0
255	492	0
145	375	0
105	201	0
472	708	0
345	634	0
16	694	0
459	462	0
99	551	0
281	566	0
122	652	0
102	686	0
147	157	0
28	730	0
217	479	0
578	651	0
501	744	0
217	801	0
270	341	0
347	418	0
129	619	0
406	789	0
548	775	0
206	619	0
644	723	0
394	593	0
146	430	0
20	491	0
424	532	0
80	182	0
282	670	0
7	671	0
29	355	0
88	673	0
434	501	0
23	169	0
90	371	0
75	493	0
458	511	0
274	710	0
101	665	0
429	686	0
311	344	0
32	56	0
108	371	0
221	524	0
11	609	0
222	511	0
95	119	0
367	754	0
43	728	0
27	255	0
246	481	0
139	793	0
66	795	0
499	680	0
74	318	0
38	477	0
188	298	0
333	783	0
429	592	0
265	567	0
83	425	0
495	586	0
93	483	0
40	241	0
5	573	0
409	476	0
49	581	0
247	638	0
433	486	0
35	566	0
127	132	0
398	612	0
611	704	0
364	375	0
459	598	0
575	620	0
120	686	0
471	483	0
69	283	0
197	470	0
365	672	0
115	629	0
297	384	0
80	784	0
230	301	0
461	513	0
448	662	0
162	542	0
254	360	0
550	693	0
308	768	0
148	605	0
361	658	0
81	726	0
444	448	0
303	527	0
410	664	1
92	498	0
40	333	0
645	784	0
116	504	0
297	674	0
774	786	0
139	535	0
550	752	0
162	736	0
608	784	0
291	476	0
111	711	0
202	737	0
21	171	0
520	710	0
93	123	0
444	550	0
29	624	0
211	277	0
339	456	0
68	138	0
340	631	0
107	676	0
91	315	0
71	769	0
521	776	0
168	544	0
153	396	0
599	707	0
12	497	0
231	767	0
34	153	0
110	500	0
36	511	0
457	518	0
132	766	0
43	461	0
261	414	0
353	597	0
172	239	0
194	595	0
293	781	0
241	468	0
703	758	0
281	609	0
102	763	0
251	671	0
400	780	0
432	451	0
146	609	0
254	518	0
275	383	0
314	475	0
43	235	0
148	474	0
125	330	0
64	324	0
51	740	0
217	652	0
489	663	0
74	783	0
128	363	0
293	623	0
55	576	0
369	505	0
243	416	0
116	594	0
318	434	0
598	769	0
81	585	0
215	798	0
290	691	0
259	544	0
132	306	0
5	204	0
45	46	0
599	648	0
141	448	0
398	405	0
129	736	0
77	746	0
157	660	0
78	701	0
317	347	0
339	369	0
144	767	0
56	475	0
19	209	0
555	778	0
424	671	0
483	784	0
652	799	0
65	147	0
164	577	0
769	801	0
23	286	0
316	772	0
498	611	0
386	489	0
429	547	0
122	215	0
106	688	0
86	378	0
311	515	0
193	278	0
5	640	0
298	410	0
27	72	0
180	784	0
685	778	0
127	299	0
38	328	0
97	780	0
60	240	0
23	508	0
135	742	0
173	431	0
9	598	0
430	486	0
287	443	0
625	787	0
145	406	0
273	345	0
183	762	0
130	482	0
111	760	0
266	738	0
507	631	0
101	279	0
689	775	0
202	464	0
314	758	0
331	572	0
279	308	0
136	574	0
232	787	0
399	541	0
233	510	0
451	563	0
219	575	0
257	798	0
365	789	0
461	726	0
577	725	0
117	148	0
617	643	0
58	401	0
13	377	0
162	661	0
344	560	0
201	233	0
111	618	0
37	627	0
240	577	0
426	782	0
44	337	0
482	642	0
233	280	0
54	798	0
598	620	0
670	758	0
24	733	0
410	470	0
50	593	0
245	557	0
306	551	0
146	784	0
163	178	0
201	459	0
20	777	0
276	499	0
119	685	0
559	560	0
458	729	0
211	670	0
655	689	0
512	673	0
55	273	0
257	474	0
258	565	0
78	178	0
79	415	0
137	700	0
409	647	0
48	449	0
93	654	0
251	714	0
390	405	0
146	562	0
312	438	0
24	427	0
65	642	0
82	736	0
135	366	0
466	579	0
142	574	0
159	612	0
287	563	0
128	472	0
508	675	0
152	462	0
704	779	0
355	713	0
137	414	0
345	654	1
335	625	0
163	718	0
147	213	0
185	394	0
315	795	0
134	317	0
13	644	0
51	625	0
233	630	0
397	549	0
324	603	0
679	771	0
682	759	0
129	595	0
61	664	0
8	284	0
9	37	0
302	674	0
48	525	0
583	759	0
569	593	0
146	502	0
16	575	0
276	533	0
5	433	0
82	804	0
66	161	0
140	512	0
13	614	0
624	635	0
414	767	0
38	59	0
76	583	0
688	716	0
265	365	0
95	487	0
572	604	0
341	474	0
70	744	0
87	714	0
435	697	0
553	706	0
147	657	0
313	633	0
153	716	0
24	474	0
298	495	0
139	801	0
50	380	0
322	505	0
360	700	0
164	500	0
682	701	0
38	485	0
352	636	0
114	631	0
23	403	0
248	573	0
9	737	0
191	713	0
362	615	0
17	30	0
718	806	0
147	623	0
41	144	0
95	365	0
387	444	0
26	356	0
689	748	0
304	590	0
91	441	0
268	489	0
320	625	0
218	711	0
224	405	0
358	653	0
151	444	0
241	510	0
62	713	0
197	430	1
474	805	0
135	277	0
223	570	0
19	790	0
295	785	0
560	750	0
499	650	0
351	661	0
192	290	0
139	493	0
388	525	0
13	268	0
126	367	0
608	762	0
435	582	0
202	327	0
22	58	0
617	636	0
173	198	0
746	792	0
31	184	0
272	281	0
145	557	0
295	631	0
296	687	0
245	724	0
146	622	0
357	778	0
12	347	0
654	734	0
72	182	0
73	323	0
642	658	0
111	767	0
148	363	0
418	502	0
171	698	0
279	687	1
104	615	0
211	717	0
174	451	0
68	194	0
351	394	0
648	756	0
159	638	0
241	690	0
348	370	0
332	591	0
25	145	0
372	376	0
10	199	0
319	339	0
525	740	0
160	696	0
140	582	0
363	566	0
555	609	0
133	667	0
134	215	0
119	550	0
352	573	0
617	762	0
137	369	0
270	604	0
220	683	0
385	410	0
168	790	0
333	452	0
100	465	0
101	120	0
33	392	0
72	370	0
163	541	0
440	502	0
223	405	0
59	604	0
578	676	0
6	453	0
65	543	0
321	437	0
625	641	0
51	732	0
570	687	0
369	385	0
226	522	0
8	681	0
33	234	0
78	431	0
454	634	0
216	699	0
185	279	0
539	672	0
432	584	0
373	634	0
30	428	0
89	179	0
695	713	0
240	257	0
347	615	0
486	534	0
243	694	0
716	760	0
86	192	0
105	499	0
94	335	0
131	451	0
441	607	0
207	628	0
635	736	0
744	768	0
359	665	0
360	521	0
397	444	0
369	483	0
15	442	0
781	793	0
278	385	0
423	744	0
248	746	0
190	717	0
718	775	0
446	603	0
580	761	0
615	681	0
86	418	0
99	710	0
365	409	0
57	664	0
280	428	0
80	535	0
233	681	0
65	357	0
322	588	0
89	367	0
218	653	0
75	780	0
166	421	1
61	209	0
580	807	0
173	503	0
568	763	0
71	472	0
130	426	0
4	407	0
571	595	0
134	284	0
28	525	0
411	447	0
163	270	0
239	763	0
240	683	0
224	288	0
352	469	0
83	103	0
196	718	0
16	92	0
325	494	0
537	654	0
274	796	0
131	701	0
347	404	0
63	702	0
102	144	0
267	429	0
141	460	0
73	494	0
130	267	0
202	714	0
276	341	0
684	698	0
97	496	0
261	647	0
542	552	0
135	242	0
543	607	0
67	712	0
512	587	0
361	427	0
159	248	0
13	704	0
333	665	0
55	443	0
242	670	0
168	581	0
650	713	0
137	538	0
690	758	0
124	670	0
140	667	0
487	549	0
201	387	0
431	715	0
738	746	0
388	685	0
81	181	0
23	718	0
119	661	0
210	339	0
48	535	0
270	649	0
287	725	0
348	672	0
681	794	0
77	129	0
3	802	0
78	234	0
341	636	0
214	506	0
87	104	0
327	569	0
262	320	0
4	620	0
21	330	0
150	678	0
134	219	0
164	665	0
484	800	0
459	584	0
105	345	0
407	669	0
660	774	0
159	572	0
107	775	0
437	442	0
24	209	0
281	678	0
47	703	0
547	671	0
531	770	0
471	751	0
254	709	0
542	669	0
95	707	0
96	739	0
332	471	0
299	454	0
262	718	0
156	325	0
29	374	0
178	653	0
195	761	0
52	150	0
32	454	0
610	648	0
368	739	0
55	797	0
60	681	0
226	641	0
243	741	0
627	688	0
63	310	0
191	333	0
583	703	0
160	255	0
363	536	0
643	762	1
200	784	0
311	792	0
259	741	1
26	664	0
632	755	0
27	321	0
209	614	0
14	121	0
255	751	0
271	330	0
277	777	0
242	486	0
243	771	0
227	390	0
714	715	0
484	575	0
394	771	0
576	643	0
326	334	0
56	286	0
365	492	0
222	399	0
313	689	0
496	689	0
353	606	0
282	800	0
322	545	0
126	747	0
308	636	0
203	366	0
421	443	0
294	699	0
443	735	0
373	723	0
129	313	0
100	766	0
123	695	0
296	416	0
108	161	0
71	303	0
623	770	0
619	743	0
184	561	1
169	291	0
50	794	0
615	690	0
357	654	0
74	695	0
705	772	0
698	714	0
74	96	0
37	380	0
331	531	0
584	610	0
338	807	0
671	765	0
122	372	0
175	482	0
490	496	0
87	529	0
273	414	0
280	590	0
387	658	0
351	749	0
357	608	0
193	711	0
267	376	0
306	478	0
112	529	0
221	543	0
542	757	0
390	646	0
601	698	0
671	787	0
339	346	0
233	291	0
31	112	0
65	88	0
272	353	0
252	525	0
590	737	0
504	744	0
77	498	0
205	701	0
443	525	0
447	704	0
8	338	0
484	518	0
396	642	0
346	582	0
201	302	0
440	626	0
171	642	0
279	727	0
194	545	0
84	637	1
324	428	0
107	564	0
93	761	0
129	628	0
116	782	0
392	444	0
509	731	0
56	561	0
570	643	0
314	361	0
643	761	0
157	205	0
565	752	0
90	784	0
440	498	0
422	755	0
189	732	0
355	684	0
47	738	0
723	795	0
18	420	0
327	690	0
509	587	0
95	662	0
186	670	0
209	279	0
156	314	0
284	359	0
13	671	0
158	344	0
52	251	1
398	491	0
392	452	0
367	548	0
161	571	0
653	712	0
77	792	0
495	659	0
100	207	0
63	453	0
32	359	0
255	271	0
432	641	0
364	708	0
19	99	0
534	774	0
674	677	0
172	707	0
104	281	0
147	760	0
180	214	0
226	788	0
8	95	0
249	493	0
47	806	0
623	634	0
680	684	0
71	92	0
146	181	0
184	256	0
94	263	0
578	649	0
95	106	0
524	606	0
80	433	0
43	711	0
433	551	0
308	673	0
742	752	0
113	319	0
484	765	0
740	748	0
21	577	0
160	360	0
342	576	0
623	689	0
438	691	0
147	594	0
576	800	0
78	467	0
79	663	0
5	528	0
66	542	0
486	703	0
88	250	0
35	469	0
500	767	0
59	459	0
204	688	0
633	802	0
61	281	0
300	567	0
438	721	0
391	392	0
84	110	1
122	281	0
558	608	0
452	650	0
219	641	0
93	232	0
365	643	0
358	363	0
689	727	0
616	735	0
266	626	0
12	82	0
126	368	0
239	563	0
149	807	0
331	652	0
667	777	0
169	481	0
465	658	1
173	225	0
157	764	0
598	706	0
158	591	0
532	615	0
303	546	0
532	682	0
325	422	0
55	221	0
130	180	0
412	550	0
297	669	0
10	462	0
447	663	0
432	436	0
215	411	0
344	672	0
335	650	0
519	707	0
188	593	0
516	576	0
92	562	0
232	577	0
84	546	0
250	790	0
637	728	0
486	672	0
400	545	0
168	541	0
116	243	0
382	494	0
365	514	0
362	466	0
506	787	0
124	710	0
110	401	0
312	456	0
419	492	0
234	326	0
132	723	0
149	219	0
479	548	0
426	432	0
443	498	0
45	346	0
730	738	0
362	750	0
309	485	0
38	749	0
61	265	0
612	706	0
189	655	0
335	689	0
85	590	0
615	652	0
396	795	0
200	364	0
739	741	0
111	158	0
421	731	0
507	698	0
81	415	0
389	494	0
82	624	0
321	424	0
671	782	0
52	296	0
451	653	0
782	795	0
581	733	0
184	647	0
506	727	0
570	796	0
185	506	0
403	431	0
556	799	0
163	329	0
172	528	0
502	779	0
216	416	0
68	577	0
352	770	0
329	711	0
631	749	0
75	295	0
64	429	0
429	753	0
115	569	0
85	130	0
485	696	0
325	659	0
342	787	0
289	389	0
357	760	0
477	632	0
4	120	0
26	720	0
133	284	0
585	757	0
29	475	0
433	754	0
285	625	0
624	715	0
398	709	0
769	780	0
511	777	0
114	741	0
188	380	0
423	711	0
227	478	0
47	171	0
106	661	0
141	231	0
160	261	0
252	635	0
71	209	0
438	764	0
471	784	0
131	132	0
4	158	0
79	762	0
260	800	0
134	777	0
461	623	0
231	271	0
450	594	0
89	274	0
142	260	0
218	694	0
460	735	0
213	559	0
190	560	0
528	687	0
286	691	0
16	339	0
12	581	0
199	706	0
184	745	0
41	800	0
26	148	0
49	285	0
231	237	0
14	621	0
74	184	0
754	774	0
149	714	0
166	664	1
6	717	0
58	736	0
151	300	0
317	516	0
671	693	0
107	432	0
54	729	0
182	386	0
2	60	0
554	753	0
116	386	0
546	673	0
267	384	0
162	694	0
577	708	0
625	652	0
366	724	0
165	545	0
97	491	0
7	322	0
559	753	0
379	661	0
453	486	0
497	546	0
211	450	0
296	575	0
63	635	0
1	721	0
319	461	0
92	490	0
306	712	0
275	619	0
96	156	0
112	488	0
82	419	1
135	431	0
46	766	0
181	285	0
552	671	0
113	639	0
76	581	0
70	379	0
232	664	0
100	323	0
281	431	0
48	494	0
176	179	0
251	745	1
177	718	0
253	443	0
327	596	0
534	642	0
292	745	0
42	708	0
59	750	0
668	688	0
389	433	0
120	496	0
449	718	0
581	685	0
362	597	0
482	726	0
434	696	0
439	763	0
189	516	0
9	358	0
462	520	0
125	604	0
432	619	0
531	745	0
693	784	0
146	313	0
418	434	0
170	179	0
134	286	0
262	739	0
571	766	0
51	588	0
397	584	0
694	742	0
165	508	0
256	392	0
129	702	0
114	468	0
591	666	0
67	515	0
99	376	0
356	361	0
85	309	0
303	354	0
325	742	0
199	205	0
146	475	0
19	155	0
222	374	0
96	806	0
170	469	0
208	800	0
743	784	0
386	389	0
493	642	0
215	395	0
142	772	0
14	98	0
27	395	0
151	799	0
613	720	0
317	499	0
514	593	0
688	790	0
467	474	0
32	141	0
341	509	0
161	623	0
358	475	0
19	377	0
222	400	0
27	130	0
37	723	0
455	726	0
670	696	0
395	678	0
268	680	0
736	768	0
329	430	1
532	804	0
203	325	0
369	605	0
157	595	0
84	192	0
47	60	0
123	682	0
16	288	0
515	774	0
40	166	1
387	411	0
5	616	0
615	649	0
383	636	0
230	745	0
156	708	0
89	671	0
469	598	0
588	711	0
104	540	0
404	702	0
459	573	0
552	797	0
563	567	0
592	705	0
415	478	0
71	616	0
109	693	0
389	756	0
729	803	0
5	778	0
616	745	0
33	781	0
101	267	0
254	477	0
111	572	0
240	571	0
349	663	0
6	568	0
600	614	0
143	458	0
84	644	0
68	257	0
124	606	0
248	693	0
92	415	0
129	387	0
334	452	0
359	487	0
18	371	0
130	445	0
555	686	0
37	667	0
520	699	0
336	728	0
119	743	0
488	803	0
414	463	0
128	244	1
92	189	0
625	775	0
205	506	0
244	352	0
622	801	0
2	405	0
663	803	0
517	759	0
275	756	0
404	464	0
208	305	0
246	793	0
135	288	0
307	647	0
362	550	0
453	653	0
38	565	0
76	504	0
204	261	0
667	712	0
243	345	0
654	781	0
122	650	0
48	281	0
210	420	0
86	801	0
120	267	0
132	774	0
110	171	0
94	748	0
275	466	0
258	542	0
6	422	0
246	571	0
686	708	0
428	588	0
105	489	0
233	700	0
180	477	0
603	758	0
574	677	0
316	685	0
48	583	0
657	687	0
270	683	0
87	318	0
34	678	0
200	642	0
287	779	0
138	435	0
118	400	0
134	405	0
66	119	0
30	714	0
324	803	0
74	602	0
610	632	0
38	241	0
39	264	0
596	699	0
8	420	0
392	624	0
70	678	0
198	491	0
515	567	0
751	757	0
130	587	0
449	609	0
66	793	0
268	765	0
105	805	0
36	609	0
171	354	0
91	758	0
293	789	0
113	274	0
98	166	0
594	622	1
190	750	0
457	767	0
551	755	0
311	430	0
4	342	0
244	627	0
26	298	0
157	267	0
268	291	0
473	555	0
395	685	0
404	739	0
277	603	0
114	783	0
633	773	0
445	602	0
83	292	0
472	739	0
47	321	0
197	468	0
406	467	0
219	676	0
10	73	0
2	194	0
19	736	0
370	776	0
244	785	0
351	607	0
66	733	0
675	761	0
35	278	0
328	492	0
171	412	0
592	756	0
173	252	0
286	421	0
32	708	0
1	267	0
664	757	0
612	767	0
554	713	0
168	260	0
222	603	0
206	380	0
370	624	0
200	343	0
728	764	0
201	446	0
141	495	0
480	514	0
458	807	0
404	807	0
177	515	0
261	762	0
375	716	0
462	662	0
505	566	0
436	624	0
578	778	0
606	652	0
497	779	0
115	179	0
449	757	0
153	402	0
581	676	0
379	614	0
237	636	0
127	568	0
572	667	0
81	144	0
210	308	0
211	629	0
529	680	0
309	384	0
241	458	0
612	673	0
498	507	0
428	447	0
264	543	0
439	647	0
64	785	0
102	761	0
466	518	0
469	514	0
254	516	0
57	456	0
411	577	0
105	308	0
91	249	0
54	495	0
293	621	0
292	778	0
18	447	0
99	722	0
206	730	0
137	497	0
47	594	0
32	265	0
211	538	0
364	694	0
5	266	0
419	783	0
42	446	0
540	593	0
155	757	0
337	746	0
472	604	0
105	598	0
158	488	0
52	107	0
473	474	0
75	314	0
347	561	0
129	742	0
385	796	0
61	739	0
63	341	0
191	352	0
85	237	0
40	546	1
276	738	0
117	572	0
134	512	0
691	709	0
268	530	0
179	409	0
354	496	0
97	544	0
613	744	0
372	423	0
122	213	0
102	573	0
252	592	0
515	672	0
30	302	0
427	663	0
244	544	0
26	415	0
9	171	0
139	660	0
140	427	0
450	591	0
369	399	0
488	677	0
202	252	0
577	694	0
331	464	0
223	316	0
23	510	0
789	793	0
390	807	0
62	576	0
84	248	0
69	364	0
107	169	0
288	525	0
243	402	0
169	286	0
334	576	0
154	490	0
544	597	0
455	581	0
608	609	0
202	478	0
23	220	0
248	368	0
146	372	0
469	676	0
236	753	0
55	175	0
3	272	0
387	753	0
425	582	0
64	258	0
27	694	0
177	229	0
696	784	0
417	598	0
216	558	0
201	239	0
111	628	0
240	579	0
701	714	0
96	667	0
398	472	0
136	798	0
601	684	0
13	713	0
400	659	0
607	672	0
167	535	0
258	273	0
296	580	0
245	623	0
229	298	0
358	390	1
72	235	0
367	444	0
573	609	0
133	532	0
199	290	0
29	707	0
46	739	0
30	164	0
751	785	0
180	593	0
78	576	0
457	668	0
584	672	0
205	386	0
63	804	0
551	799	0
525	591	0
140	563	0
57	379	0
419	636	0
125	512	0
132	611	0
668	685	0
225	701	0
164	656	0
565	723	0
582	659	0
307	767	0
15	310	0
362	638	0
78	677	0
76	256	0
216	437	0
115	346	0
584	594	0
281	748	0
501	534	0
111	477	0
34	780	0
237	787	0
418	431	0
94	676	0
350	562	0
42	259	0
260	350	0
595	725	0
299	496	0
82	512	0
323	502	0
52	216	0
678	700	0
114	376	0
76	230	0
242	250	0
32	388	0
34	750	0
19	126	0
389	663	0
96	795	0
299	670	0
7	737	0
165	313	0
347	650	0
22	658	0
423	625	0
317	494	0
368	373	0
191	533	0
319	544	0
251	342	0
144	620	0
87	708	0
131	374	0
265	310	0
14	417	0
36	697	0
329	433	0
203	344	0
45	565	0
356	650	0
106	549	0
86	503	0
198	221	0
145	487	0
623	724	0
49	782	0
311	406	0
402	462	0
41	150	0
117	419	0
524	549	0
139	513	0
66	611	0
359	426	0
89	642	0
608	624	0
164	212	0
37	162	0
149	600	0
277	403	0
98	432	0
45	727	0
105	374	0
576	708	0
731	762	0
18	529	0
2	138	0
115	559	0
344	600	0
25	347	0
10	641	0
176	665	0
74	683	0
543	634	0
550	755	0
412	501	0
59	180	0
187	507	0
405	416	0
437	635	0
598	751	0
325	409	0
474	581	0
71	677	0
40	263	0
222	531	0
145	214	0
118	576	0
447	650	0
139	205	0
12	341	0
7	670	0
289	568	0
141	567	0
127	658	0
20	696	0
150	463	0
450	669	0
542	605	0
325	657	0
211	719	0
249	512	0
323	777	0
181	491	0
453	630	0
168	762	0
22	46	0
116	208	0
483	719	0
335	630	0
341	757	0
163	801	0
147	420	0
186	386	0
208	342	0
45	445	0
104	775	0
238	612	0
360	401	0
552	559	0
108	510	0
2	528	0
294	778	0
152	445	0
10	39	0
244	737	0
308	712	0
585	704	0
26	604	0
152	783	0
314	401	0
6	443	0
389	449	0
247	269	0
105	268	0
605	669	0
234	680	0
249	269	0
61	585	0
122	585	0
213	382	0
124	175	0
725	750	0
257	685	0
123	292	0
630	737	0
276	580	0
27	502	0
209	495	0
514	697	0
264	366	0
74	551	0
165	332	0
307	429	0
60	630	0
77	688	0
593	609	0
137	235	0
191	440	0
23	386	0
394	666	0
235	760	0
108	266	0
125	676	0
221	549	0
259	280	0
463	536	0
543	804	0
322	424	0
450	661	0
603	769	0
308	747	0
346	546	0
535	628	0
113	373	0
353	454	0
206	722	0
434	547	0
249	277	0
47	78	0
436	785	0
86	416	0
628	791	1
130	646	0
400	688	0
562	645	0
155	249	0
230	543	0
321	785	0
305	692	0
48	286	0
72	649	0
35	543	0
142	481	0
352	649	0
304	741	0
123	538	0
18	738	0
2	255	0
274	632	0
205	804	0
213	795	0
169	342	0
304	507	0
361	509	0
14	590	1
163	304	0
58	710	0
404	558	0
49	633	0
649	685	0
323	566	0
340	376	0
378	567	0
106	634	0
1	302	0
129	273	0
81	205	0
274	794	0
349	502	0
387	713	0
537	795	0
27	638	0
102	150	0
508	601	0
73	492	0
202	712	0
21	148	0
59	65	0
480	506	0
45	110	0
211	378	0
512	589	0
498	763	0
1	200	0
183	224	0
205	360	1
101	343	0
319	480	0
11	51	0
214	542	0
327	789	0
275	646	0
292	552	0
705	777	0
104	724	0
391	804	0
450	480	0
408	744	0
180	521	0
55	347	0
77	191	0
538	691	0
703	735	0
372	461	0
154	696	0
176	336	0
33	313	0
652	795	0
444	735	0
169	681	0
618	711	0
315	615	0
134	217	0
247	352	0
216	716	0
234	637	0
451	714	0
368	519	0
665	733	0
412	604	0
47	697	0
102	572	0
160	787	0
214	218	0
17	638	0
684	783	0
199	402	0
419	786	0
418	513	0
299	312	0
172	586	0
29	207	0
323	462	0
397	619	0
414	539	0
695	702	0
293	682	0
77	707	0
61	734	0
333	601	0
742	767	0
484	731	0
534	602	0
70	532	0
17	664	0
797	800	0
41	274	0
259	743	0
304	451	0
30	602	0
126	783	0
566	568	0
291	726	0
164	552	0
148	658	0
280	644	0
324	395	0
613	755	0
136	457	0
213	229	0
108	509	0
570	678	0
184	469	0
312	650	0
520	802	0
466	523	0
207	507	0
209	774	0
305	583	0
360	758	0
143	575	0
187	615	0
188	404	0
88	319	0
173	584	0
191	771	0
69	375	0
197	322	0
325	797	0
108	163	0
145	431	0
58	103	0
24	776	0
79	802	0
283	313	0
247	744	0
88	143	0
72	564	0
74	110	0
585	796	0
279	301	0
62	647	0
592	691	0
175	492	0
473	645	0
70	242	0
24	551	0
644	677	0
3	311	0
131	778	0
577	718	0
390	430	0
65	559	0
178	275	0
625	762	0
37	604	0
427	624	1
465	709	0
121	299	0
68	358	0
107	264	0
182	250	0
241	798	0
167	626	0
357	621	0
222	747	0
25	45	0
335	776	0
484	502	0
92	273	0
162	366	0
237	746	0
577	672	0
36	363	0
276	474	0
584	615	0
427	798	0
120	220	0
67	311	0
339	396	0
175	800	0
2	694	0
168	690	0
101	220	0
48	472	0
267	774	0
72	430	0
56	563	0
25	151	0
419	579	0
292	723	0
31	203	0
133	721	0
336	483	0
37	603	0
119	488	0
449	516	0
285	438	0
324	332	0
219	446	0
294	428	0
422	753	0
349	783	0
355	686	0
392	420	0
176	459	0
506	590	0
199	481	0
163	727	0
169	534	0
276	798	0
5	184	0
134	340	0
40	63	0
543	696	0
178	732	0
642	667	0
258	373	0
76	195	0
280	456	0
445	786	0
191	274	0
85	379	0
584	694	0
87	477	0
327	466	0
259	690	1
133	149	0
192	639	0
320	420	0
419	501	0
269	469	0
508	638	0
713	769	0
293	479	0
39	303	0
286	365	0
391	504	0
701	762	0
608	788	0
85	93	0
315	419	0
235	704	0
109	167	0
146	179	0
131	285	0
244	690	0
268	738	0
217	254	0
127	327	0
255	274	0
203	447	0
99	254	0
62	502	0
445	470	0
212	455	0
106	718	0
17	55	0
19	545	0
666	684	0
4	331	1
409	445	0
304	677	0
470	525	0
253	670	0
35	471	0
52	607	0
442	722	0
148	798	0
240	791	0
151	405	0
136	594	0
619	789	0
47	356	0
250	336	0
469	562	0
92	691	0
124	590	0
718	747	0
184	702	0
115	594	0
76	652	0
116	313	0
351	690	0
176	766	0
193	560	0
585	790	0
120	147	0
343	610	0
441	505	0
365	528	0
81	567	0
226	440	0
131	597	0
232	677	0
174	200	0
158	589	0
303	556	0
641	693	0
512	527	0
701	751	0
295	588	0
41	629	0
25	408	0
297	643	0
228	689	0
112	754	0
712	766	0
413	684	0
396	721	0
14	800	0
306	728	0
20	677	0
393	638	0
315	483	0
353	660	0
512	565	0
181	406	0
128	782	0
400	547	0
776	803	1
3	606	0
440	538	0
393	702	0
600	785	0
341	720	0
124	704	0
487	630	0
237	607	0
73	646	0
487	566	0
149	217	0
479	550	0
261	511	0
353	630	0
7	143	0
783	785	0
232	353	0
730	736	0
200	763	0
15	640	0
287	687	0
241	501	0
93	588	0
78	288	0
277	373	0
137	306	0
17	804	0
72	345	0
275	412	0
148	655	0
284	726	0
582	803	0
270	353	0
256	319	0
103	459	0
204	477	0
226	613	0
354	558	0
63	106	0
47	625	0
33	195	0
743	781	0
375	561	0
27	493	0
172	530	0
464	673	0
88	749	0
195	691	0
158	453	0
307	781	0
330	662	0
293	354	0
475	579	1
278	552	0
8	494	0
229	592	0
69	779	0
235	543	0
300	432	0
186	501	0
147	805	0
386	567	0
299	558	0
676	749	0
88	779	0
285	591	0
624	717	0
291	750	0
218	402	0
358	762	0
23	319	0
419	447	0
248	721	0
523	799	0
122	246	0
657	801	0
288	332	0
311	608	0
64	163	0
56	564	0
304	754	0
89	135	0
360	718	0
14	337	0
456	525	0
218	692	0
37	208	0
187	687	0
459	642	0
210	516	0
355	501	0
196	567	0
107	148	0
144	154	0
342	733	0
236	304	0
257	605	0
735	798	0
95	511	0
425	647	0
154	463	0
49	275	0
398	722	0
37	306	0
59	326	0
358	688	0
355	576	0
61	428	0
465	611	0
597	714	0
31	788	0
144	440	0
236	726	0
220	243	0
2	58	0
205	609	0
297	622	0
447	548	0
193	653	0
12	199	0
668	672	0
34	395	0
309	468	0
35	190	0
480	521	0
124	387	0
150	349	0
472	676	0
137	312	0
31	74	0
95	551	0
270	539	0
129	470	0
223	626	0
115	253	0
222	675	0
101	306	0
319	463	0
140	754	0
125	428	0
127	610	0
148	229	0
501	673	0
336	653	0
439	781	0
114	169	0
287	754	0
271	665	0
309	342	0
55	374	0
3	715	0
189	800	0
264	585	0
372	490	0
266	441	0
33	284	0
676	738	0
290	421	0
110	290	0
457	684	0
214	339	0
81	104	0
45	461	0
531	655	0
483	484	0
197	658	1
39	179	0
152	301	0
25	545	0
59	591	0
432	621	0
531	747	0
109	299	0
401	498	0
254	684	0
366	627	0
20	364	0
170	177	0
209	349	0
52	189	0
568	578	0
535	800	0
62	114	0
289	310	0
561	657	0
381	413	0
160	214	0
125	562	0
146	473	0
576	686	0
313	440	0
133	237	0
155	301	0
337	578	0
66	128	0
179	419	0
90	266	0
53	390	0
347	745	0
60	486	0
536	614	0
143	231	0
523	682	0
249	427	1
146	713	0
69	624	0
235	648	0
161	621	0
400	483	0
146	251	0
130	532	0
312	751	0
494	731	0
153	685	0
80	635	0
298	462	0
304	783	0
585	658	0
531	764	0
715	797	0
535	740	0
113	453	0
442	661	0
273	540	0
227	333	0
122	125	0
507	717	0
236	389	0
219	376	0
93	268	0
115	748	0
666	740	0
458	528	0
26	327	0
156	710	0
359	457	0
179	799	0
456	696	0
165	784	0
496	681	0
558	793	1
672	684	0
381	526	0
452	716	0
70	151	0
516	796	0
92	379	0
2	111	0
644	706	0
280	629	0
5	776	0
177	602	0
102	260	0
230	457	0
161	396	0
424	613	0
111	574	0
58	694	0
82	208	0
83	217	0
157	674	0
429	445	0
323	710	0
474	550	0
182	287	0
310	448	0
681	748	0
365	661	0
258	295	0
483	780	0
64	762	1
138	337	0
729	760	0
434	548	0
218	508	0
646	761	0
520	701	0
465	506	0
589	752	0
603	700	0
181	462	0
423	772	0
76	532	0
167	687	0
458	611	0
10	230	0
85	802	0
86	581	0
609	801	0
231	548	0
238	256	0
58	234	0
132	661	0
6	122	0
707	795	0
300	355	0
284	632	0
466	631	0
285	465	0
16	682	0
113	746	0
394	538	0
189	693	0
355	693	0
699	710	0
125	771	0
199	508	0
147	161	0
419	644	0
4	766	0
438	459	0
320	699	0
119	293	0
74	309	0
211	806	0
216	636	0
409	603	0
270	345	0
369	418	0
285	798	0
152	696	0
280	493	0
47	553	0
123	159	1
33	139	0
109	416	0
172	702	0
94	524	0
424	536	0
367	536	0
212	627	0
282	666	0
246	731	0
285	789	0
164	730	0
240	288	0
38	247	0
463	664	1
646	685	0
191	479	0
85	184	0
421	657	0
539	551	0
4	50	0
276	703	0
242	413	0
464	567	0
104	478	0
360	616	0
201	548	0
255	377	0
353	481	0
9	685	0
123	731	1
507	632	0
363	476	0
532	735	0
429	691	0
57	697	0
386	769	0
169	407	0
614	771	0
370	428	0
230	568	0
156	699	1
50	402	0
398	616	0
292	427	0
381	403	0
584	624	0
210	716	0
248	487	0
46	158	0
528	745	0
391	682	0
236	376	0
130	397	0
371	483	0
408	535	0
176	723	0
178	385	0
533	761	0
308	780	0
149	768	0
187	437	0
98	744	0
465	683	0
158	598	0
286	427	0
464	601	0
477	679	0
71	735	0
475	510	0
222	601	0
461	703	0
697	803	0
143	380	0
379	794	0
19	558	0
179	646	0
73	399	0
388	424	0
279	611	0
375	718	0
174	399	0
693	741	0
241	750	0
183	199	0
593	729	0
624	795	0
245	570	0
177	298	0
543	784	0
306	654	0
652	746	0
127	570	0
185	807	0
223	699	0
133	591	0
150	615	0
23	751	0
119	634	0
120	332	0
113	326	0
656	664	0
436	656	0
54	195	0
3	771	0
664	730	0
100	261	0
153	735	0
503	729	0
160	594	0
33	452	0
34	119	0
200	371	0
509	727	0
238	399	0
515	776	0
119	408	0
66	260	0
449	692	0
158	204	0
142	721	0
471	564	0
143	184	1
642	745	0
458	682	0
424	476	0
152	357	0
116	606	0
462	582	0
215	794	0
146	383	0
57	168	0
23	738	0
223	383	0
155	759	0
428	705	0
13	749	0
68	616	0
52	117	0
420	753	0
38	128	0
384	551	0
139	563	0
333	636	0
561	729	0
265	484	0
319	697	0
70	625	0
486	526	0
34	571	0
273	785	0
19	213	0
276	748	0
181	187	0
268	524	0
450	683	0
624	674	0
255	652	0
290	771	0
443	542	0
460	464	0
8	209	0
174	674	0
545	798	0
164	262	0
70	787	0
665	687	0
537	804	0
527	779	0
45	554	0
134	800	0
352	674	0
62	408	0
322	512	0
450	589	0
179	185	0
127	215	0
255	482	0
622	655	0
442	589	0
369	539	0
443	764	0
9	602	0
84	250	0
329	356	0
231	259	0
109	601	0
438	561	0
719	785	0
4	475	0
425	682	0
732	740	0
193	390	0
321	585	0
486	781	0
698	749	0
389	659	0
148	654	0
495	561	0
421	702	0
374	499	0
387	707	0
465	518	0
369	597	0
196	754	0
220	232	0
662	731	0
295	766	0
260	643	1
118	715	0
269	715	0
418	775	0
172	282	0
724	799	0
482	670	0
339	379	0
90	703	0
395	625	0
129	457	0
183	667	0
484	491	0
362	484	0
448	641	0
140	719	0
306	547	0
148	194	0
663	765	0
119	681	0
194	512	0
46	737	0
285	375	0
499	606	0
159	322	0
551	636	0
55	365	0
77	245	0
101	255	0
358	742	0
305	490	0
125	233	0
306	773	0
110	263	1
57	377	0
186	351	1
217	450	0
6	66	0
284	672	0
105	133	0
68	799	0
307	705	0
287	575	0
181	216	0
220	626	0
8	546	0
264	652	0
281	754	0
407	782	0
469	534	0
147	217	0
95	759	0
132	387	0
230	695	0
119	237	0
321	350	0
51	629	0
68	573	0
445	655	0
75	331	0
189	479	0
492	650	0
63	506	0
191	305	0
484	781	0
485	596	0
173	279	0
17	726	0
643	678	0
313	419	0
5	445	0
373	531	0
763	780	0
337	613	0
571	617	0
30	512	0
269	504	0
180	181	0
255	723	0
75	425	0
113	254	0
352	786	0
383	415	0
234	511	0
378	695	0
317	492	0
615	773	0
583	785	0
160	425	0
144	622	0
17	496	0
206	456	0
35	330	0
576	609	0
496	753	0
26	590	0
43	548	0
652	654	0
65	492	0
395	703	0
178	773	0
513	522	0
126	727	0
127	378	0
437	804	0
352	624	0
60	289	0
151	218	1
173	638	0
355	359	0
528	531	0
175	208	0
490	642	0
622	683	0
496	534	0
418	635	0
109	426	0
370	500	0
65	270	0
28	438	0
307	377	0
456	669	0
37	160	0
286	628	0
277	401	0
554	780	0
151	440	0
338	353	0
361	512	0
508	700	0
452	745	0
288	666	0
1	599	0
407	635	0
439	509	0
10	655	0
283	657	0
692	755	0
417	647	0
126	147	0
297	558	0
414	478	0
261	798	0
7	302	0
279	453	1
121	369	0
174	229	0
473	803	0
340	725	0
309	514	0
145	545	0
40	265	0
478	703	0
245	720	0
374	524	0
102	123	0
4	704	0
42	798	0
535	617	0
187	219	0
150	461	0
172	397	0
120	166	0
430	557	0
107	608	0
181	489	0
453	628	0
519	629	0
220	385	0
349	547	0
152	225	0
328	372	0
101	130	0
559	665	0
236	549	0
289	792	0
233	371	0
349	362	0
58	215	0
132	690	0
479	517	0
338	656	0
582	610	0
324	374	0
197	512	0
282	288	0
272	729	0
126	198	0
77	106	0
24	74	0
703	778	0
437	698	0
124	459	0
182	340	0
200	395	0
534	624	0
95	602	0
515	544	0
337	790	0
301	755	0
431	553	0
324	532	0
255	768	0
458	738	0
369	389	0
116	662	0
58	147	0
47	532	0
444	635	0
123	242	0
108	614	0
77	673	0
478	707	0
57	224	0
132	246	0
262	412	0
192	521	0
299	367	0
262	625	0
66	110	0
178	628	0
549	579	1
414	588	0
74	549	0
683	775	0
330	651	0
347	635	0
7	783	0
302	557	0
319	753	0
468	797	0
584	606	0
108	260	0
380	481	0
310	471	0
186	806	0
383	679	0
29	444	0
216	221	0
179	467	0
698	762	0
329	450	0
113	363	0
39	583	0
188	259	0
136	446	0
9	688	0
339	665	0
657	780	0
171	639	0
416	670	0
348	601	0
274	340	0
147	542	0
41	103	0
4	381	0
340	589	0
117	276	0
283	430	0
215	435	0
692	770	0
197	701	0
126	578	0
52	609	0
74	505	0
459	673	0
575	631	0
45	680	0
301	318	0
122	493	0
303	784	0
119	342	0
92	709	0
93	188	0
184	648	1
478	494	0
26	247	0
541	724	0
102	426	0
139	444	0
659	802	1
550	642	0
224	292	0
496	569	0
6	684	0
546	634	0
482	612	0
340	378	0
219	635	0
408	474	0
10	562	0
282	319	0
559	618	0
343	666	0
35	93	0
435	727	0
185	552	0
58	294	0
21	146	0
22	437	0
211	728	0
232	525	0
250	730	0
90	631	0
474	726	0
400	733	0
242	666	0
115	216	0
222	668	0
650	757	0
318	607	0
169	190	0
49	250	0
12	458	0
50	533	0
120	212	0
487	552	0
36	448	0
185	778	0
457	621	0
149	175	0
98	777	0
82	386	1
135	396	0
211	602	0
31	335	0
436	701	0
272	694	0
38	729	0
521	753	0
115	502	0
220	410	0
335	709	0
266	476	0
159	359	0
200	344	0
57	433	0
534	685	0
150	698	0
119	439	0
156	419	0
449	687	0
158	209	0
180	297	0
143	167	0
91	158	0
128	388	0
620	798	0
385	619	0
629	658	0
318	411	0
47	699	0
572	668	0
160	789	0
87	330	0
56	230	0
539	787	0
96	743	0
349	533	0
6	308	0
46	522	0
88	567	0
68	629	0
458	617	0
177	361	0
462	773	0
85	214	0
235	585	0
643	766	0
521	697	0
21	778	0
5	501	0
208	364	0
565	581	0
329	621	0
114	729	0
99	119	0
83	602	0
212	318	0
92	788	0
493	691	0
131	176	0
313	693	0
499	778	0
207	453	0
43	620	0
27	99	0
581	805	0
156	773	0
388	589	0
360	760	0
142	336	0
218	762	0
113	480	0
352	568	0
204	569	0
83	696	0
100	762	0
228	780	0
106	635	0
641	796	0
342	683	0
40	133	0
614	659	0
335	470	0
266	715	0
139	587	0
479	619	0
405	609	0
456	762	0
533	663	0
112	311	0
594	615	0
226	291	0
55	642	0
597	784	0
545	701	0
361	728	0
16	45	0
128	663	0
131	780	0
758	781	0
224	646	0
64	313	0
282	480	0
11	738	0
374	538	0
103	120	0
475	500	0
343	713	0
179	536	0
239	392	0
75	667	0
747	767	0
353	797	0
238	425	0
45	63	0
671	799	0
68	352	0
144	272	0
470	751	0
77	494	0
244	417	0
63	559	0
138	370	0
729	731	0
707	755	0
357	577	0
56	727	0
134	232	0
575	663	0
472	640	0
234	298	0
129	142	0
93	757	0
77	208	0
16	754	0
443	447	0
137	651	0
154	619	0
436	795	0
160	740	0
470	769	0
328	676	0
400	680	0
534	734	0
457	666	0
404	503	0
133	735	0
6	103	0
470	647	0
20	218	0
263	332	1
67	87	0
636	715	0
82	658	1
52	417	0
324	334	0
180	350	0
629	709	0
152	503	0
47	750	0
229	247	0
124	499	0
354	700	0
18	416	0
111	247	0
95	658	0
177	622	0
76	351	0
462	563	0
677	756	0
128	287	0
368	692	0
384	649	0
21	682	0
591	686	0
333	746	0
375	790	0
651	717	0
446	475	0
32	379	0
581	583	0
267	708	0
108	686	0
254	620	0
94	489	0
534	794	0
313	390	0
132	206	0
118	499	0
134	628	0
609	611	0
195	614	0
269	467	0
255	574	0
117	484	0
60	568	0
596	730	0
174	560	0
319	521	0
235	706	0
479	777	0
71	88	0
370	625	0
311	745	0
442	740	0
118	157	0
446	485	0
193	202	0
129	550	0
395	658	0
579	705	0
285	538	0
217	252	0
169	625	0
53	622	0
604	632	0
420	807	0
113	307	0
187	532	0
633	708	0
423	684	0
190	649	0
32	807	0
198	724	0
183	576	0
40	210	0
79	659	1
28	339	0
88	254	0
164	179	0
368	745	0
61	277	0
83	453	0
619	791	0
47	358	0
16	506	0
341	446	0
199	619	0
66	631	0
105	423	0
206	445	0
571	736	0
49	326	0
503	785	0
141	302	0
686	807	0
550	714	0
20	577	0
202	300	0
467	795	0
352	401	0
173	221	0
746	801	0
286	388	0
567	781	0
235	300	0
309	557	0
71	706	0
535	799	0
771	792	0
206	351	0
118	635	0
728	731	0
125	277	0
162	257	0
434	538	0
366	545	0
477	565	0
223	339	0
337	365	0
390	497	0
194	750	0
249	617	0
512	567	0
430	534	0
234	255	0
107	647	0
128	768	0
220	446	0
24	337	0
25	184	0
545	801	0
684	744	0
501	605	0
33	645	0
231	542	0
306	691	0
561	628	0
238	334	0
96	355	0
149	231	0
261	509	0
443	502	0
7	137	0
284	562	0
157	316	0
106	324	0
420	515	0
113	544	0
55	669	0
332	774	0
115	430	0
355	639	0
281	576	0
12	752	0
416	489	0
396	791	0
381	463	0
163	612	0
238	424	0
186	719	0
209	230	0
411	558	0
67	192	0
260	401	0
270	359	0
226	611	0
116	691	0
228	469	0
213	359	0
506	723	0
432	722	0
17	580	0
252	350	0
200	590	0
539	585	0
366	447	0
540	688	0
216	420	0
414	593	0
74	526	0
75	475	0
129	711	0
167	267	0
407	504	0
205	548	0
137	204	0
122	786	0
213	441	0
144	720	0
17	358	0
386	565	0
403	657	0
186	771	0
467	594	0
298	345	0
373	643	1
28	98	0
268	561	0
89	116	0
570	592	0
641	789	0
420	607	0
98	250	0
8	206	0
174	703	0
356	550	0
69	555	0
86	411	0
71	205	0
730	753	0
313	749	0
79	710	0
560	625	0
409	494	0
283	453	0
657	707	0
35	612	0
52	654	1
571	662	0
53	755	0
331	497	0
204	577	0
460	731	0
196	561	0
69	333	0
107	150	0
342	723	0
92	738	0
2	278	0
40	93	0
4	440	0
665	807	0
156	531	0
322	775	0
571	628	0
398	720	0
148	675	0
754	770	0
149	726	0
44	524	0
595	604	0
279	343	0
68	410	0
476	530	0
378	542	0
107	436	0
288	778	0
130	229	0
4	64	0
244	251	0
27	663	0
618	769	0
215	458	0
111	661	0
498	589	0
199	490	0
444	628	0
175	644	0
235	409	0
272	429	0
363	370	0
93	795	0
222	673	0
116	172	0
212	291	0
319	457	0
164	609	0
454	522	0
291	360	1
417	546	0
6	781	0
278	614	0
82	415	0
29	676	0
157	367	0
14	25	0
159	289	0
309	340	0
504	535	0
190	457	0
318	642	0
85	765	0
600	655	0
72	488	0
200	317	0
57	404	0
82	445	1
43	153	0
150	671	0
255	379	0
687	791	1
581	681	0
30	417	0
415	597	0
142	543	0
161	542	0
39	173	0
665	710	0
629	701	0
8	735	0
47	678	0
432	623	0
486	636	0
364	618	0
170	365	0
328	592	0
662	756	0
95	746	0
21	531	0
5	254	0
246	578	0
156	382	0
428	763	0
536	638	0
30	323	0
605	746	0
513	699	0
458	626	0
26	474	0
574	796	0
167	350	0
152	717	0
265	466	0
583	726	0
359	413	0
144	685	0
215	690	0
199	201	0
19	159	0
477	551	0
494	511	0
441	753	0
26	641	0
274	368	0
179	421	0
640	721	0
271	381	0
165	218	0
416	663	0
478	538	0
95	216	0
498	597	0
338	766	0
212	283	0
319	577	0
70	713	0
161	611	0
515	620	0
37	105	0
708	774	0
79	565	0
647	775	0
178	806	0
255	468	0
442	667	0
203	377	0
120	553	0
190	577	0
377	446	0
286	768	0
197	363	0
108	186	0
117	283	0
348	713	0
311	503	0
614	756	0
541	546	0
253	580	0
344	800	0
217	470	0
398	573	0
148	720	0
404	698	0
611	802	0
225	661	0
580	691	0
559	759	0
361	739	0
32	589	0
452	718	0
439	448	0
45	617	0
26	103	0
64	478	0
283	636	0
203	299	0
306	311	0
778	790	0
202	356	0
519	609	0
97	410	0
46	461	0
174	262	0
693	798	0
340	746	0
753	803	0
235	500	0
1	348	0
332	650	0
258	293	0
413	648	0
280	789	0
334	456	0
621	639	0
229	286	0
287	444	0
139	234	0
177	435	0
140	769	0
162	329	0
73	354	0
127	691	0
111	798	0
277	587	0
646	767	0
139	515	0
580	635	0
444	655	0
426	454	0
121	622	0
710	758	0
159	372	0
181	460	0
272	536	0
326	751	0
220	358	0
497	559	0
3	664	0
485	730	0
318	559	0
221	424	0
11	133	0
160	729	0
253	490	0
292	698	0
132	663	0
149	287	0
43	372	0
709	712	0
157	228	0
614	641	0
15	762	0
204	257	0
112	239	0
538	545	0
190	372	0
184	748	0
612	663	0
33	431	0
548	602	0
454	697	0
381	503	0
111	210	0
59	639	0
502	597	0
263	521	0
51	575	0
18	729	0
219	373	0
76	218	0
628	794	0
316	681	0
152	698	0
371	558	0
615	759	0
651	672	0
85	356	0
394	603	0
62	717	0
34	674	0
126	511	0
132	235	0
722	759	0
282	664	0
262	594	0
195	653	0
14	211	0
180	255	0
218	310	0
293	312	0
97	687	0
648	777	0
406	521	0
523	635	0
619	750	0
144	536	0
168	219	0
14	624	0
274	407	0
261	475	0
313	493	0
155	440	0
653	665	0
71	385	0
268	761	0
52	800	0
291	680	0
164	442	0
175	477	0
575	692	0
99	199	0
62	473	0
644	751	0
69	483	0
546	586	0
17	72	0
183	639	0
147	573	0
300	305	0
64	237	0
50	400	0
322	685	0
72	680	0
52	582	0
588	656	0
594	725	0
277	615	0
294	527	0
633	777	0
303	695	0
524	773	0
644	692	1
361	590	0
123	571	0
71	443	0
109	516	0
280	548	0
80	790	0
101	692	0
616	744	0
176	725	0
411	414	0
178	447	0
417	733	0
434	789	0
199	518	0
202	265	0
240	716	0
331	743	0
740	777	0
107	380	0
144	386	0
219	582	0
92	456	0
384	433	0
24	600	0
41	542	0
25	385	0
447	638	0
267	460	0
162	762	0
434	631	0
382	385	0
185	587	0
148	441	0
96	122	0
23	523	0
172	455	0
178	354	0
194	651	0
232	618	0
339	462	0
512	556	0
396	429	0
442	780	0
309	746	0
1	41	0
325	465	0
332	573	0
295	395	0
392	762	0
283	791	0
231	757	0
380	785	0
141	717	0
384	429	0
37	780	0
6	213	0
425	522	0
30	223	0
165	632	0
436	658	0
309	396	0
349	459	0
220	761	0
93	613	0
190	385	0
625	750	0
569	760	0
253	383	0
146	603	0
111	129	0
186	296	0
149	420	0
668	756	0
501	805	0
119	410	0
156	384	0
202	602	0
53	56	0
91	253	0
219	288	0
220	543	0
269	751	0
78	485	0
371	669	0
589	762	0
213	322	0
621	709	0
33	36	0
456	458	0
200	595	0
254	746	0
186	700	0
481	728	0
284	403	0
634	660	0
195	728	0
323	431	0
587	714	0
414	634	0
53	218	1
240	511	0
310	699	0
114	280	0
211	445	0
407	471	0
213	420	0
86	146	0
235	564	0
342	776	0
215	634	0
12	186	0
237	478	0
94	377	0
237	523	0
148	429	0
279	570	0
164	591	0
38	96	0
59	408	0
152	803	0
338	411	0
249	353	0
356	515	0
123	264	0
394	800	0
491	605	0
326	431	0
221	667	0
134	806	0
28	317	0
140	423	0
503	605	0
195	788	0
179	187	0
571	653	0
53	670	0
37	57	0
447	723	0
430	488	0
567	761	0
288	513	0
342	692	0
311	450	0
273	339	0
257	630	0
184	722	0
591	774	0
593	778	0
505	550	0
207	254	0
353	373	0
357	685	0
321	591	0
141	220	0
398	757	0
239	713	0
754	799	0
22	161	0
23	216	0
580	651	0
131	611	0
121	234	0
453	462	0
68	423	0
196	764	0
54	758	0
145	682	0
310	364	0
257	784	0
153	167	0
117	158	0
383	525	0
249	433	0
344	566	0
495	785	0
701	710	0
237	726	0
724	793	0
363	613	0
67	758	0
272	486	0
488	577	0
31	83	0
54	784	0
326	533	0
187	801	0
353	746	0
101	283	0
230	241	0
379	681	0
167	751	0
163	184	0
487	516	0
275	594	0
58	78	0
295	442	0
336	676	0
82	440	0
194	542	0
30	168	0
270	731	0
309	383	0
38	663	0
241	537	0
183	346	0
422	566	0
456	630	0
100	340	0
318	743	0
10	188	0
413	762	0
409	787	0
72	461	0
146	556	0
772	776	0
271	598	0
82	730	0
263	435	0
466	573	0
582	663	0
52	390	0
270	501	0
6	780	0
55	525	0
114	203	0
665	745	0
629	728	0
333	427	0
371	712	0
190	268	0
372	695	0
267	517	0
548	658	0
364	519	0
146	718	0
223	460	0
170	216	0
578	717	0
232	463	0
247	474	0
88	577	0
216	566	0
68	575	0
142	802	0
324	577	0
493	509	0
368	721	0
129	597	0
242	246	0
241	620	0
140	578	0
265	437	0
213	471	0
160	205	0
161	356	0
721	794	0
313	417	0
96	799	0
133	246	0
492	769	0
7	733	0
66	187	0
194	484	0
272	586	0
269	502	0
180	183	0
255	733	0
181	666	0
420	614	0
256	719	0
379	455	0
730	793	0
191	529	0
85	126	0
341	484	0
325	559	0
42	560	0
476	653	0
312	726	0
222	441	0
236	705	0
168	651	1
298	489	0
27	189	0
556	634	0
35	662	0
164	498	0
113	478	0
187	563	0
120	526	0
685	688	0
302	352	0
572	634	0
394	488	0
415	707	0
622	681	0
183	679	0
311	402	0
576	769	0
494	796	0
334	561	1
631	805	0
64	213	0
796	798	0
283	373	0
50	88	0
503	726	0
253	703	0
164	208	0
402	591	0
149	612	0
277	415	0
44	638	0
135	593	0
248	289	0
46	212	0
122	326	0
287	298	0
70	174	0
505	664	0
364	399	0
645	688	0
334	723	0
425	533	0
401	727	0
195	517	0
304	418	0
12	115	0
453	662	0
783	806	0
435	588	0
111	551	0
57	405	0
356	669	0
166	748	0
376	770	0
317	624	0
87	127	0
233	365	0
107	324	0
235	267	0
589	760	0
236	608	0
55	60	0
130	149	0
295	621	0
387	638	0
101	430	0
596	714	0
466	582	0
34	505	0
417	487	0
14	771	0
533	785	0
127	670	0
336	428	0
517	524	0
138	551	0
172	399	0
67	355	0
249	516	0
114	187	0
181	503	1
128	237	0
607	785	0
167	644	0
258	608	0
116	220	0
736	739	0
538	553	0
341	753	0
103	502	0
8	532	0
96	256	0
177	604	0
225	620	0
65	759	0
82	303	0
440	469	0
593	633	0
270	550	0
287	652	0
309	452	0
203	577	0
241	406	0
497	804	0
462	738	0
146	677	0
498	733	0
103	724	0
146	675	0
275	445	0
223	403	0
149	476	0
488	664	0
526	646	0
428	613	0
67	191	0
51	546	0
68	652	0
76	183	0
294	378	0
396	759	0
226	516	0
243	414	0
657	710	0
621	653	0
547	630	0
511	701	0
125	606	0
109	441	0
381	564	0
285	782	0
82	595	0
218	339	0
122	740	0
248	786	0
716	761	0
211	781	0
161	753	0
380	483	0
18	26	0
311	675	0
222	266	0
186	804	0
547	743	0
134	716	0
512	547	0
221	359	0
194	379	0
142	203	0
127	395	0
442	801	0
114	514	0
98	159	0
460	538	0
83	561	0
264	373	0
339	667	0
21	673	0
680	701	0
438	733	0
130	642	0
41	101	0
207	400	0
524	630	0
389	675	0
304	657	0
585	608	0
74	487	0
239	803	0
149	535	0
277	578	0
23	34	0
18	452	0
425	549	0
286	656	0
287	377	0
507	703	0
18	734	0
311	359	0
205	800	0
260	551	0
432	728	0
230	381	0
395	776	0
253	564	0
35	353	0
254	375	0
589	684	0
112	412	0
420	429	0
6	674	0
98	707	0
210	777	0
488	763	0
106	182	0
303	624	0
128	572	0
535	772	0
41	545	0
408	476	0
728	741	1
125	363	0
162	727	0
36	236	0
366	623	0
58	292	0
567	720	0
261	641	0
44	279	0
121	508	0
174	374	0
31	43	0
606	661	0
674	795	0
168	587	0
131	577	0
650	755	0
79	319	0
318	605	0
473	679	0
410	520	0
283	778	0
724	737	0
140	657	0
108	579	0
339	583	0
493	685	0
43	486	0
426	482	0
7	67	0
29	191	0
620	640	0
768	793	0
241	545	0
183	386	0
115	504	0
78	236	0
206	801	0
264	616	0
318	703	0
85	656	0
86	715	0
214	508	0
416	419	0
146	628	0
187	434	0
510	635	0
42	677	0
150	696	0
321	506	0
263	507	0
105	323	0
233	790	0
15	362	0
128	390	0
204	401	0
385	617	0
538	593	0
9	133	0
63	94	0
11	499	0
469	752	0
432	524	0
87	324	0
713	749	0
18	461	0
56	232	0
114	265	0
363	552	0
81	363	0
164	679	0
66	449	0
284	392	0
268	773	0
234	795	0
492	742	0
347	552	0
129	669	0
39	438	0
167	381	0
226	667	1
99	411	0
94	416	0
319	646	0
213	399	0
235	587	0
108	731	0
56	454	0
575	635	0
104	434	0
105	671	0
570	587	0
535	551	0
39	660	0
481	696	0
243	777	0
136	461	0
504	519	0
229	742	0
123	367	0
490	550	0
161	526	0
559	601	0
19	408	0
493	689	0
125	647	0
80	602	0
298	417	0
50	318	0
412	697	0
551	683	0
382	635	0
329	333	0
113	486	0
420	627	0
329	616	0
23	465	0
135	763	0
100	740	0
69	371	0
452	525	0
145	419	0
183	751	0
260	628	0
304	524	0
140	226	0
207	661	0
239	692	1
224	339	0
81	702	0
226	289	0
121	205	0
47	317	0
175	488	0
718	773	0
107	494	0
477	601	0
662	798	0
1	413	0
280	596	0
387	664	0
26	120	0
117	429	0
282	494	0
102	295	0
28	670	0
162	648	0
201	246	0
111	607	0
240	604	0
353	787	0
337	502	0
559	711	0
317	696	0
249	738	0
269	338	0
272	359	0
363	379	0
310	419	0
619	656	0
242	557	0
153	484	0
467	479	0
546	597	0
164	632	0
177	478	0
73	285	0
491	746	0
37	698	0
223	791	0
298	634	0
160	437	0
29	762	0
157	421	0
339	446	0
514	601	0
205	409	0
116	788	0
281	505	0
154	617	0
245	374	0
600	729	0
177	696	0
56	567	0
237	313	0
510	516	0
292	735	0
132	628	0
59	700	0
133	733	0
150	725	0
65	703	0
82	759	1
248	713	0
376	552	0
307	742	0
464	518	0
355	643	0
181	193	0
622	782	0
371	751	0
750	769	0
138	180	0
33	74	0
507	511	0
80	636	0
147	190	0
43	113	0
501	725	0
82	537	0
247	497	0
51	538	0
52	193	0
264	371	0
164	795	0
422	433	0
214	733	0
354	505	0
9	50	0
584	698	0
33	148	0
125	518	0
199	259	0
1	604	0
276	632	0
221	746	0
562	773	0
389	807	0
262	575	0
536	602	0
164	761	0
347	677	0
39	299	0
481	619	0
317	453	0
249	503	0
356	445	0
108	334	0
184	262	0
593	734	0
244	702	0
461	573	0
209	725	0
140	465	0
433	601	0
105	772	0
514	616	0
291	583	0
203	435	0
60	280	0
62	506	0
377	388	0
408	798	0
364	582	0
222	252	0
117	458	0
305	752	0
503	717	0
253	666	0
89	681	0
201	807	0
148	794	0
277	634	0
230	541	0
460	768	0
170	488	0
196	622	0
40	496	0
469	574	0
54	580	0
770	781	0
435	768	0
280	513	0
499	695	0
425	568	0
64	488	0
357	573	0
503	787	0
343	638	0
389	640	0
331	642	0
405	407	0
188	777	0
226	436	0
488	693	0
317	619	0
196	268	0
123	804	1
236	637	0
55	219	0
771	794	0
455	797	0
205	714	0
222	568	0
116	475	0
478	710	0
184	537	0
27	570	0
16	376	0
378	802	0
34	466	0
157	715	0
110	697	0
190	526	0
383	591	0
262	290	0
559	584	0
67	646	0
107	633	0
486	673	0
1	52	0
348	357	0
24	339	0
25	190	0
79	503	1
101	363	0
197	274	0
343	418	0
493	497	0
166	498	0
186	491	0
150	518	0
403	796	0
449	587	0
211	532	0
360	442	0
31	257	0
270	587	0
287	683	0
38	743	0
129	793	0
183	458	0
300	576	0
137	310	1
184	739	1
85	584	0
266	402	0
342	361	0
327	767	0
20	229	0
95	611	0
223	446	0
149	455	0
578	603	0
119	377	0
411	544	0
71	468	0
105	283	0
68	681	0
472	562	0
129	571	0
2	253	0
316	739	0
152	324	0
206	571	0
9	221	0
123	235	0
33	199	0
252	461	0
454	529	0
35	437	0
705	757	0
192	544	0
209	390	0
262	648	0
158	457	0
15	64	0
695	738	0
388	475	0
167	261	0
243	675	0
407	506	0
485	674	0
144	722	0
198	421	0
215	537	0
18	55	0
19	242	0
276	280	0
222	303	0
518	744	0
418	560	0
208	713	0
230	383	0
134	737	0
461	595	0
29	469	0
636	726	0
377	786	0
36	599	0
143	349	0
91	644	0
114	543	0
32	588	0
134	725	0
196	797	0
123	279	0
17	390	0
168	183	0
257	695	0
402	440	0
283	675	0
304	758	0
231	261	0
602	683	0
72	658	1
735	802	1
142	270	0
199	560	0
292	415	0
331	499	0
120	638	0
136	739	0
709	746	0
507	658	0
348	662	0
19	686	0
3	85	0
151	384	0
207	221	0
335	392	0
230	309	0
357	704	0
371	439	0
66	751	0
456	751	0
518	770	0
585	778	0
740	788	0
316	363	0
10	675	0
68	388	0
286	599	0
235	381	0
182	388	0
691	765	0
168	306	0
116	392	0
219	516	0
475	661	0
447	544	0
283	515	0
508	562	0
36	201	0
366	592	0
415	690	0
520	566	0
150	337	0
82	123	1
232	532	0
361	432	0
162	614	0
70	472	0
399	562	0
427	473	0
349	655	0
331	690	0
244	411	0
128	570	0
64	513	0
328	416	0
448	736	0
289	684	0
413	641	0
555	713	0
457	630	0
21	93	0
239	628	0
7	94	0
45	713	0
512	644	0
180	562	0
362	701	0
554	602	0
183	441	0
521	730	0
205	417	0
318	640	0
103	582	0
400	788	0
34	75	0
72	490	0
200	319	0
440	801	0
457	780	0
149	362	0
427	534	0
468	505	0
194	773	0
51	692	0
142	541	0
162	700	0
27	624	0
168	496	0
538	634	0
190	459	0
445	628	0
505	614	0
33	114	0
363	791	0
73	785	0
147	246	0
95	724	0
531	789	0
540	615	0
647	701	0
81	270	0
112	547	0
274	314	0
13	673	0
414	544	0
168	469	0
226	756	0
99	382	0
635	784	0
160	234	0
550	620	0
34	527	0
364	778	0
290	613	0
222	376	0
169	780	0
155	289	0
337	582	0
470	717	0
179	423	0
346	700	0
731	739	0
256	684	0
242	509	0
498	595	0
62	336	0
174	622	0
48	782	0
531	701	0
144	589	0
252	550	0
326	357	0
570	655	0
488	750	0
313	670	0
196	387	0
617	749	0
652	685	0
470	742	0
395	732	0
89	455	0
217	314	0
143	550	0
406	428	0
38	312	0
294	662	0
575	739	0
135	662	0
62	434	0
355	388	0
265	620	0
288	475	0
236	385	0
604	690	0
93	264	0
130	306	0
757	801	0
286	366	0
117	386	0
447	785	0
414	419	0
50	125	0
126	464	0
307	342	0
218	775	0
202	384	0
59	265	0
136	622	0
301	332	0
286	544	0
378	705	0
415	452	0
199	557	0
488	602	0
371	440	0
395	408	0
351	758	0
245	415	0
92	116	0
269	703	0
185	700	0
37	419	0
168	585	0
430	435	0
6	562	0
542	640	0
22	292	0
175	565	0
641	753	0
658	689	0
127	607	0
379	696	0
167	581	0
258	291	0
334	462	0
442	519	0
483	668	0
546	590	0
101	341	0
162	327	0
14	796	0
73	352	0
127	701	0
720	741	0
37	645	0
367	386	0
611	736	0
44	167	0
119	765	0
375	663	0
339	421	0
234	309	0
400	623	0
241	599	0
295	374	0
319	380	0
477	587	0
251	538	0
12	596	0
537	779	0
261	492	0
57	325	0
138	458	0
59	659	0
133	760	0
376	525	0
399	442	0
197	737	0
54	362	1
603	658	1
99	559	0
724	726	0
445	551	0
7	106	0
660	766	0
124	490	0
531	666	0
273	638	0
254	637	0
147	165	0
4	762	0
224	560	0
479	792	0
155	638	0
156	301	0
309	355	0
234	649	0
733	753	0
293	708	0
512	648	0
482	717	0
61	616	0
206	627	0
32	338	0
358	798	0
17	514	0
300	461	0
199	286	0
57	769	0
132	213	0
192	616	0
134	399	0
157	372	0
104	292	0
642	787	0
269	428	0
160	728	0
218	308	0
181	672	0
481	590	0
47	779	0
484	599	0
123	497	0
363	430	0
422	551	0
476	711	0
259	379	0
170	322	0
208	657	0
562	576	0
209	744	0
28	164	0
104	450	0
268	763	0
450	754	0
621	778	0
127	430	0
271	448	1
535	663	0
256	807	0
166	286	0
8	136	0
83	716	0
356	760	0
106	727	0
470	798	0
416	701	0
515	731	0
183	633	0
147	575	0
4	348	0
244	633	0
117	501	0
579	704	0
50	398	0
322	683	0
72	682	0
126	637	0
201	778	0
517	735	0
495	680	0
633	783	0
460	797	0
83	298	0
46	162	0
707	794	0
361	588	0
568	670	0
219	698	0
1	611	0
115	637	0
297	392	0
260	516	0
401	728	0
546	769	0
49	351	1
496	597	0
527	582	0
417	723	0
172	729	0
171	415	0
58	743	0
458	795	0
103	617	0
279	409	0
482	519	0
472	713	0
340	665	0
468	470	0
659	760	0
92	458	0
645	792	0
118	530	0
668	698	0
162	760	0
89	776	0
514	624	0
36	257	0
20	654	0
276	368	0
12	709	0
150	281	0
353	643	0
211	285	0
7	776	0
90	598	0
716	774	0
76	677	0
560	695	0
350	640	0
10	311	0
48	78	0
341	711	0
189	692	0
343	409	0
274	639	0
649	761	0
42	612	0
149	192	0
225	570	0
278	556	0
82	357	0
444	796	0
391	775	0
31	300	0
436	668	0
54	199	0
247	354	0
318	344	0
413	449	0
48	428	0
638	769	0
402	751	0
350	713	0
149	418	0
81	436	0
134	190	1
691	783	0
342	402	0
142	725	0
324	728	0
122	690	0
61	539	0
15	361	0
102	580	0
87	363	0
215	790	0
199	365	0
517	792	0
206	664	0
403	408	0
223	379	0
501	581	0
262	685	0
263	764	0
51	394	0
473	476	0
604	798	0
316	574	0
354	361	0
19	305	0
325	696	0
363	509	0
643	735	0
57	69	0
43	687	0
464	632	0
532	542	0
29	496	0
322	378	0
360	569	0
269	289	0
95	645	0
74	715	0
171	282	0
188	343	0
428	591	0
47	156	0
123	266	0
341	447	0
17	409	0
424	767	0
493	660	0
250	511	0
95	224	0
494	708	0
170	713	0
299	384	0
230	585	0
198	701	0
126	526	0
307	496	0
329	360	0
37	39	0
209	755	0
352	711	0
528	698	0
191	802	0
200	566	0
123	616	0
287	637	0
145	398	0
105	433	0
334	586	0
260	617	0
266	746	0
193	410	0
88	368	0
89	729	0
112	342	0
247	421	0
421	698	0
223	282	0
98	281	0
465	634	0
301	404	0
158	551	0
250	460	0
189	406	0
71	558	0
220	228	0
40	386	1
258	457	0
461	718	0
153	165	0
117	156	0
101	551	0
27	652	0
11	771	0
28	739	0
343	750	0
651	673	0
110	719	0
550	600	0
383	761	0
75	696	0
331	786	0
542	728	0
634	665	0
46	267	0
260	509	0
323	642	0
196	412	0
309	603	0
311	763	0
607	686	0
242	590	0
205	346	0
41	649	0
458	588	0
228	525	0
64	550	0
134	466	0
448	645	0
177	505	0
7	608	0
429	674	0
112	786	0
646	709	0
43	400	0
426	552	0
188	735	0
467	644	0
570	788	0
620	698	0
205	444	0
100	342	0
85	742	0
530	630	0
341	588	0
177	731	0
569	681	0
306	769	0
259	600	0
265	420	0
553	628	0
157	170	0
30	72	0
68	795	0
272	768	0
420	763	0
24	225	0
78	340	0
25	584	0
264	688	0
372	689	0
11	429	0
548	668	0
381	445	0
163	758	0
147	221	0
43	92	0
556	703	0
155	550	0
7	569	0
660	795	0
15	466	0
678	694	0
775	791	0
61	656	0
168	767	0
13	387	0
161	378	0
470	492	0
556	737	0
111	490	0
259	661	0
556	677	0
557	764	0
155	324	0
172	670	0
85	241	0
433	666	0
450	792	0
549	572	0
91	534	0
75	429	0
38	51	0
97	725	0
406	567	0
522	740	0
319	558	0
464	708	0
160	429	0
252	515	0
238	602	0
4	246	0
170	282	0
579	634	0
235	293	0
285	763	0
566	660	0
37	74	0
99	486	0
203	350	0
39	556	0
61	84	0
264	298	0
265	631	0
123	647	0
71	351	0
365	574	0
380	488	0
426	698	0
47	782	0
541	603	0
575	791	1
503	720	0
307	381	0
473	613	0
314	547	0
166	512	0
39	786	0
210	656	0
248	291	0
213	619	0
415	483	0
128	675	0
115	565	0
5	799	0
118	696	0
357	592	0
618	787	0
20	608	0
239	604	0
330	408	0
496	608	0
687	691	0
259	637	1
31	160	0
131	291	0
236	610	0
590	689	0
619	665	0
455	768	0
3	387	0
478	675	0
101	428	0
163	201	0
625	790	0
8	54	0
187	223	0
44	188	0
262	271	0
38	408	0
68	202	0
446	775	0
131	262	0
552	759	0
92	208	0
220	413	0
183	267	0
152	229	0
515	610	0
79	458	0
101	142	0
86	562	0
214	615	0
141	787	0
163	807	0
440	672	0
572	601	0
223	767	0
573	752	0
43	269	0
7	238	0
652	668	0
104	781	0
121	689	0
362	717	1
271	789	0
294	414	0
77	102	0
439	579	0
212	347	0
500	595	0
369	546	0
176	313	0
506	528	0
177	592	0
72	378	0
146	673	0
96	153	1
21	687	1
759	767	0
86	372	0
82	591	1
661	807	0
142	653	0
143	252	0
525	693	0
219	362	0
316	640	0
99	272	0
280	406	0
228	500	0
48	594	0
213	376	0
267	688	0
198	740	0
289	344	0
18	374	0
290	755	0
348	619	0
94	533	0
111	409	0
449	704	0
476	592	0
299	355	0
104	201	0
13	561	0
344	376	0
74	545	0
240	313	0
242	363	0
61	805	0
726	803	0
484	700	0
86	216	0
395	711	0
18	24	0
237	420	0
365	367	0
41	329	0
42	146	0
179	471	0
291	689	0
164	385	0
535	626	0
60	338	0
558	721	0
460	532	0
136	418	0
429	611	0
507	595	0
71	178	0
184	430	0
412	660	0
350	511	0
614	792	0
449	640	0
389	673	0
562	650	0
412	710	0
162	785	0
469	485	0
142	491	0
127	235	0
662	738	0
314	596	0
23	60	0
95	272	0
47	426	0
451	725	0
69	302	0
197	505	0
144	251	0
184	652	0
683	722	0
245	493	0
16	298	0
411	439	0
675	706	0
126	288	0
398	691	0
37	465	0
307	477	0
277	290	0
81	737	0
390	515	0
83	111	0
84	796	0
175	583	0
378	561	0
16	84	0
205	512	0
280	745	0
478	524	0
102	136	0
267	421	0
215	491	0
389	740	0
416	553	0
496	795	0
480	496	0
262	344	0
29	611	0
121	386	0
494	643	0
70	453	0
219	797	0
80	780	0
55	435	0
516	679	0
242	662	0
222	640	0
392	705	0
245	545	0
673	688	0
11	41	0
177	257	0
740	800	0
162	439	0
327	787	0
715	769	0
589	592	0
572	654	0
298	535	0
278	513	0
45	266	0
121	732	0
545	553	0
620	642	0
305	780	0
38	733	0
241	551	0
183	412	0
438	527	0
524	751	0
335	705	0
253	590	0
470	713	0
87	96	0
14	724	0
185	232	0
4	596	0
426	772	0
304	522	0
375	805	0
51	659	0
270	435	0
74	784	0
54	282	0
411	459	0
737	769	0
152	270	0
137	478	0
47	583	0
368	528	0
547	647	0
18	459	0
381	613	0
517	803	0
187	288	0
64	610	0
128	760	0
81	361	0
209	444	0
52	158	0
361	530	0
347	554	0
383	506	0
317	334	0
462	777	0
86	117	0
87	420	0
643	738	0
94	384	0
441	530	0
418	571	0
192	664	0
134	543	0
145	273	0
51	335	0
347	712	0
60	391	0
278	458	0
8	58	0
234	282	0
249	330	0
671	708	0
160	469	0
622	773	0
221	692	0
312	656	0
95	143	0
153	652	0
5	659	0
304	800	0
670	671	0
489	766	0
268	331	0
163	629	0
36	767	0
329	371	0
354	541	0
187	637	0
23	467	0
83	700	0
100	742	0
122	410	0
31	548	0
16	259	0
118	688	0
273	372	0
93	363	0
24	782	0
421	737	0
26	164	0
74	685	0
102	507	0
283	319	0
156	551	0
76	172	0
13	106	0
10	757	0
254	262	0
456	729	0
496	714	0
151	508	0
88	485	0
597	796	0
465	599	0
469	571	0
118	651	0
128	619	0
182	466	0
273	406	0
628	646	0
644	675	0
295	721	0
560	686	0
399	769	0
139	301	0
177	242	0
550	707	0
13	332	0
343	709	0
269	674	0
163	419	0
518	680	0
112	521	0
286	583	0
262	437	0
45	59	0
83	248	0
154	183	0
340	521	0
407	715	0
92	122	0
497	750	0
41	684	0
447	712	0
448	698	0
12	283	0
306	568	0
148	299	0
223	785	0
558	752	0
119	704	0
279	751	0
67	317	0
285	366	0
430	617	0
417	591	0
552	719	0
377	564	0
241	626	0
257	501	0
521	640	0
24	488	0
534	537	0
513	807	0
48	478	0
236	543	0
306	794	0
609	659	0
37	602	0
82	757	0
378	626	0
376	554	0
417	610	0
113	649	0
99	586	0
296	732	0
63	239	0
401	433	0
229	243	0
33	72	0
342	434	0
364	542	0
200	455	0
94	691	0
630	769	0
260	353	0
6	389	0
82	535	0
444	588	0
747	779	0
641	741	0
219	338	0
458	550	0
39	455	0
596	768	0
78	539	0
280	462	0
348	635	0
651	705	0
265	414	0
468	627	0
485	571	0
432	697	0
161	349	0
34	709	0
471	632	0
387	522	0
500	506	0
427	510	0
380	562	0
216	379	0
179	369	0
566	623	0
414	648	0
329	700	0
75	384	0
370	607	0
62	158	0
174	564	0
249	647	0
108	328	0
145	210	0
311	741	0
296	322	0
518	669	0
569	789	0
28	137	0
470	745	0
231	402	0
178	794	0
487	645	0
277	678	0
60	282	0
498	747	0
62	504	0
100	523	0
302	331	0
361	781	0
144	805	0
622	656	0
236	443	0
569	740	0
494	775	0
172	454	0
50	435	0
343	794	0
52	549	0
487	672	0
292	500	0
149	589	0
61	273	0
84	118	0
551	807	0
250	346	0
303	724	0
225	382	0
219	665	0
236	345	0
2	161	0
275	528	0
408	632	0
546	802	0
283	648	0
124	794	0
417	766	0
14	520	0
608	727	0
37	489	0
75	554	0
349	671	0
187	468	0
237	744	0
188	779	0
97	366	0
121	344	0
68	305	0
620	774	0
513	789	0
92	431	0
379	673	0
40	274	0
79	211	0
10	502	0
125	273	0
185	612	0
383	585	0
349	762	0
551	737	0
301	796	0
120	143	0
110	563	0
323	786	0
309	715	0
379	580	0
332	604	0
387	805	0
137	602	0
10	296	0
599	766	0
124	734	0
140	603	0
396	557	0
396	624	0
555	636	0
457	553	0
223	666	0
363	436	0
271	580	0
119	597	0
621	717	0
578	769	0
46	597	0
730	746	0
430	756	0
287	661	0
309	493	0
514	694	0
612	714	0
152	424	0
206	799	0
190	416	0
176	286	0
161	174	0
162	193	0
327	761	0
163	616	0
95	621	0
186	715	0
298	769	0
6	470	0
389	470	0
67	284	0
428	636	0
730	780	0
86	552	0
324	573	0
261	446	0
369	412	0
280	443	0
544	600	0
63	400	0
659	704	1
273	726	0
96	327	0
424	582	0
246	661	0
263	739	1
178	589	0
216	424	0
414	597	0
695	764	0
75	479	0
777	792	0
475	601	0
99	469	0
227	232	0
561	760	0
212	668	0
714	740	0
576	759	0
182	357	0
276	653	0
80	262	0
232	263	0
29	467	0
453	754	0
397	399	0
291	660	0
329	553	0
346	585	0
207	651	0
784	807	0
596	617	0
136	391	0
265	741	0
123	297	0
2	496	0
274	365	0
252	780	0
494	688	0
79	706	0
117	315	0
463	803	1
379	404	0
304	744	0
298	693	0
307	463	0
127	246	0
627	790	0
277	555	0
264	637	0
120	640	0
508	590	0
264	442	0
175	332	0
348	421	0
197	260	0
161	790	0
335	754	0
476	537	0
365	718	0
154	457	0
357	718	0
321	552	0
486	802	0
178	499	0
626	662	0
171	420	0
37	316	0
75	633	0
59	348	0
22	64	0
44	520	0
61	422	0
158	512	0
32	660	0
288	782	0
54	721	0
25	461	0
408	451	0
228	716	0
12	253	0
284	568	0
253	783	0
185	535	0
330	488	0
103	653	0
775	800	0
262	381	0
482	703	0
158	802	0
70	478	0
745	746	0
76	671	0
521	603	0
497	694	0
295	511	0
128	567	0
228	546	0
229	375	0
690	715	0
12	291	0
243	339	0
470	611	0
56	659	0
506	518	0
582	655	0
120	282	0
472	650	0
512	646	0
15	637	0
106	138	0
439	557	0
147	646	0
9	396	0
103	576	0
219	407	0
149	360	0
43	157	0
480	529	0
389	441	0
724	764	0
428	465	0
472	623	0
195	486	0
158	254	0
489	709	0
204	360	0
127	615	0
115	319	0
138	182	0
48	708	0
518	637	0
581	610	0
342	506	0
278	722	0
327	370	0
73	791	1
96	720	0
103	738	0
155	517	0
172	605	0
622	789	0
323	475	0
350	624	0
329	794	0
186	753	0
332	411	0
189	510	0
618	691	0
561	651	0
265	470	0
337	548	0
506	617	0
419	675	1
104	345	0
30	609	0
513	601	0
271	377	0
242	507	0
613	728	0
136	468	0
212	295	0
69	634	0
514	793	0
17	471	0
537	575	0
530	554	0
147	692	0
592	794	0
304	773	0
689	772	0
360	641	1
729	802	0
307	442	0
143	544	0
37	109	0
610	801	0
526	632	0
294	660	0
454	722	0
71	711	0
338	540	0
286	772	0
108	182	0
438	579	0
41	251	0
614	744	0
66	606	0
140	249	0
676	751	0
74	117	0
383	461	0
224	330	0
352	383	0
199	368	0
390	625	0
173	383	0
286	550	0
415	454	0
219	705	0
71	608	0
109	685	0
554	586	0
650	781	0
260	689	0
118	645	0
487	496	0
434	764	0
201	223	0
239	627	0
165	636	0
83	223	0
249	715	0
68	265	0
106	196	0
488	608	0
272	382	0
516	529	0
258	289	0
639	656	0
10	398	0
266	788	0
139	238	0
141	596	0
201	313	0
440	607	0
367	396	0
111	647	0
150	482	0
82	492	0
194	722	0
301	782	0
84	610	0
512	755	0
430	594	0
346	393	0
128	204	0
330	599	0
183	366	0
295	368	0
244	360	0
63	788	0
177	657	0
132	485	0
539	649	0
275	764	0
202	804	0
298	679	0
6	124	0
364	704	0
157	224	0
645	783	0
362	558	0
458	801	0
76	496	0
497	781	0
354	654	0
190	376	0
549	597	0
565	659	0
511	691	0
381	499	0
254	611	0
275	474	0
95	677	0
578	641	0
441	697	0
320	689	0
53	262	0
156	303	0
301	722	0
105	465	0
270	291	0
53	81	0
91	770	0
219	329	0
293	706	0
511	734	0
285	797	0
627	673	0
383	575	0
490	785	0
48	639	0
395	419	0
108	583	0
290	532	0
19	78	0
259	607	0
276	615	0
463	679	1
337	535	0
85	234	0
30	562	0
434	491	0
147	374	0
165	361	0
256	539	0
97	675	0
511	731	0
412	474	0
523	639	0
339	602	0
70	670	0
87	532	0
109	188	0
518	694	0
79	612	0
192	776	0
139	787	0
231	491	0
433	562	0
142	170	0
75	197	0
277	641	0
396	753	0
8	138	0
100	528	0
429	582	0
356	762	0
361	784	0
464	672	0
251	388	0
326	470	0
560	646	0
40	251	1
204	232	0
414	745	0
5	547	0
689	722	0
65	344	0
231	335	0
253	755	0
142	452	0
201	776	0
398	626	0
292	465	0
388	487	0
404	747	0
60	85	0
23	67	0
61	268	0
83	300	0
576	752	0
438	595	0
131	469	0
352	664	0
198	497	0
504	690	0
4	109	0
201	595	0
244	793	0
11	648	0
484	584	0
638	692	0
73	87	0
36	45	0
433	714	0
540	737	0
519	560	0
279	411	0
46	386	0
286	429	0
92	452	0
384	437	0
619	686	0
40	311	0
593	645	0
499	506	0
64	685	0
546	737	0
433	800	0
654	748	0
380	591	0
344	717	0
110	672	0
382	389	0
111	713	0
648	654	0
594	789	0
611	689	0
336	557	0
44	246	0
262	325	0
62	320	0
427	574	0
271	569	0
309	758	0
590	793	1
516	644	0
497	638	0
205	261	0
137	573	0
11	84	0
177	300	0
237	628	0
127	544	0
388	650	0
150	633	0
82	355	0
120	338	0
31	302	0
15	693	0
197	562	0
181	349	0
54	197	0
206	768	0
445	728	0
372	552	0
33	478	0
586	674	0
200	377	0
517	612	0
217	704	0
4	585	0
223	583	0
149	416	0
274	304	0
248	732	0
537	655	0
323	373	0
15	331	0
368	602	0
505	522	0
280	416	0
372	718	0
47	602	0
213	334	0
164	477	0
215	784	0
132	292	0
6	277	0
246	654	0
270	737	0
105	606	0
15	105	0
53	294	0
75	306	0
203	249	0
739	795	0
226	698	1
99	440	0
467	700	0
50	267	0
553	579	0
40	554	0
147	782	0
296	436	0
42	216	0
26	709	0
27	292	0
360	655	0
526	782	0
94	127	0
35	785	0
731	732	0
255	650	0
346	626	0
535	580	0
114	758	0
23	272	0
152	807	0
680	686	0
265	712	0
31	741	0
605	640	0
252	616	0
2	493	0
238	559	0
131	147	0
5	758	0
298	384	0
65	395	0
139	652	0
585	684	0
195	792	0
53	666	0
28	281	0
45	602	0
355	478	0
294	429	0
122	447	0
107	161	0
108	254	0
680	775	0
109	595	0
433	463	0
499	523	0
455	735	0
28	479	0
88	265	0
73	226	0
74	141	0
352	708	0
561	645	0
488	679	0
303	580	0
70	209	0
406	481	0
258	455	0
387	761	0
27	654	0
283	568	0
248	405	0
57	767	0
269	709	0
778	796	0
148	490	0
75	698	0
495	797	0
383	450	0
44	331	0
427	597	0
444	621	0
84	708	0
497	649	0
258	745	0
41	655	0
63	590	0
230	245	0
521	769	0
396	607	0
163	188	0
663	763	0
133	540	0
6	794	0
559	570	0
71	271	0
321	690	0
271	642	0
55	363	0
719	768	0
294	542	0
10	184	0
341	586	0
33	265	0
327	619	0
238	450	0
58	172	0
529	795	0
59	733	0
139	592	0
155	794	0
157	168	0
726	756	0
582	651	0
142	516	0
324	687	0
197	679	0
54	336	0
648	649	0
8	552	0
704	773	0
102	620	0
506	621	0
290	378	0
420	434	0
57	93	0
185	400	0
4	700	1
21	762	0
429	470	0
428	524	0
88	581	0
52	160	0
330	526	0
293	666	0
475	555	0
167	177	0
62	89	0
468	656	0
363	586	0
470	482	0
471	543	0
276	543	0
80	360	0
192	594	0
172	664	0
691	696	0
216	344	0
179	332	0
196	585	0
22	682	0
167	407	0
523	647	0
429	748	0
19	769	0
393	430	0
86	301	0
325	555	0
17	490	0
130	523	0
477	736	0
518	638	0
5	345	0
118	242	0
389	570	0
25	380	0
316	334	0
143	798	0
203	336	0
442	760	0
112	360	0
306	338	0
197	370	0
514	596	0
145	479	0
311	494	0
312	568	0
41	158	0
350	400	0
26	362	0
464	787	0
560	668	0
50	84	0
126	443	0
307	383	0
662	695	0
361	692	0
314	545	0
331	581	0
188	202	0
135	589	0
83	484	0
24	348	0
567	590	0
288	656	0
1	425	0
18	521	0
554	599	0
46	79	0
284	498	0
10	649	0
357	606	0
417	665	0
387	687	0
111	547	0
58	669	0
724	747	0
519	632	0
277	381	0
405	424	0
32	681	0
317	652	0
211	505	0
340	723	0
162	600	0
145	539	0
296	665	0
421	526	1
63	541	0
245	730	0
654	676	0
470	753	0
586	806	0
179	708	0
533	797	0
127	666	0
275	517	0
239	316	0
196	293	0
22	274	0
225	390	0
741	800	0
119	794	0
104	593	0
67	359	0
270	776	0
91	381	0
755	786	0
257	387	0
349	573	0
645	713	0
244	277	0
219	588	0
10	205	0
670	780	0
177	372	0
172	716	0
237	572	0
207	469	0
57	302	0
419	435	0
143	304	0
388	578	0
565	654	0
656	742	0
362	715	1
271	791	1
453	656	0
519	595	0
344	565	0
422	673	0
491	709	0
190	349	0
372	608	0
409	538	0
12	657	0
87	207	0
158	660	0
146	671	0
20	132	0
21	685	0
6	435	0
501	793	0
125	351	0
284	305	0
391	623	0
216	615	0
129	516	0
190	191	0
228	502	0
33	224	0
266	689	0
289	350	0
630	761	0
172	749	0
208	576	0
269	389	0
732	774	0
255	620	0
346	776	0
240	315	0
481	551	0
84	388	0
356	481	0
484	702	0
468	795	0
180	584	0
363	455	0
289	440	0
274	428	0
94	309	0
755	792	0
4	69	0
441	613	0
80	483	0
262	374	0
209	641	0
463	598	0
215	407	0
417	452	0
91	741	0
594	803	0
452	660	0
682	778	0
460	534	0
423	738	0
62	294	0
474	543	0
336	575	0
235	798	0
169	241	0
313	780	0
262	331	0
28	353	0
540	638	0
89	373	0
217	424	0
417	511	0
143	592	0
59	413	0
98	509	0
46	133	0
429	771	0
175	355	0
303	798	0
315	485	0
288	589	0
17	129	0
2	247	0
176	558	0
374	641	0
380	680	0
50	203	0
253	560	0
418	615	0
224	314	0
277	288	0
98	735	0
151	331	0
390	513	0
407	701	0
158	637	0
106	178	0
536	717	0
145	630	0
590	608	0
44	186	0
168	273	0
131	679	0
206	361	0
34	422	0
508	593	0
478	626	0
111	692	0
496	797	0
315	435	0
44	275	0
617	727	0
135	228	0
1	374	0
159	226	0
219	799	0
326	593	0
130	264	0
137	512	0
148	195	0
390	431	0
73	758	0
185	780	0
194	548	0
21	126	0
168	513	0
133	596	0
150	594	0
564	776	0
46	547	0
453	634	0
293	798	0
681	768	0
353	539	0
629	634	0
190	494	0
33	305	0
108	787	0
509	716	0
185	238	0
223	610	0
525	763	0
649	762	0
234	613	0
74	798	0
626	803	0
491	670	0
293	624	0
115	282	0
243	465	0
371	644	0
9	137	0
372	747	0
431	643	1
537	634	0
148	149	0
506	677	0
346	624	0
108	561	0
200	572	0
57	149	0
185	456	0
42	451	0
480	796	0
337	645	0
156	351	1
29	199	0
315	684	0
493	499	0
278	528	0
226	663	0
8	478	0
462	783	0
468	712	0
132	735	0
276	727	0
208	773	0
134	541	0
634	728	0
480	631	0
255	657	0
165	249	0
113	184	0
379	465	0
419	439	0
136	497	0
429	564	0
212	324	0
345	545	0
184	477	0
94	160	0
131	182	0
85	729	0
207	451	0
551	561	0
486	574	0
450	608	0
14	353	0
736	805	0
218	708	0
166	364	0
5	8	0
188	428	0
55	678	0
83	702	0
231	623	0
357	497	0
378	782	0
452	521	0
17	220	0
145	423	0
93	361	0
666	707	0
403	795	0
334	621	0
541	716	0
357	692	0
230	642	0
72	572	0
14	643	0
73	197	0
383	480	0
772	783	0
314	729	0
187	349	0
576	656	0
23	179	0
129	795	0
376	402	0
32	622	0
16	35	0
70	234	0
724	727	0
2	74	0
735	748	0
297	542	0
538	745	0
101	512	0
401	717	0
178	267	0
453	668	0
179	542	0
608	700	0
36	189	0
75	657	0
483	524	0
6	541	1
98	594	0
427	616	0
55	760	0
232	704	0
323	683	0
175	714	0
732	789	0
1	179	0
55	96	0
42	713	0
24	716	0
79	366	0
546	593	0
380	703	0
417	419	0
6	36	0
383	548	0
33	487	0
427	790	1
185	249	0
375	628	0
285	364	0
392	408	0
329	592	0
459	502	0
219	232	0
77	202	0
24	490	0
78	93	0
439	692	0
124	299	0
50	642	0
272	781	0
56	571	0
530	674	0
58	137	0
38	624	0
298	664	0
685	796	0
82	755	0
29	792	0
157	195	0
362	515	0
574	620	0
162	254	0
243	316	0
100	403	0
183	695	0
229	241	0
525	772	0
431	533	0
198	768	0
364	536	0
164	489	0
21	741	0
155	607	0
686	745	0
321	331	0
284	377	0
105	460	0
234	744	0
82	505	0
601	740	0
151	523	0
206	594	0
63	463	0
213	318	0
466	719	0
215	640	0
18	188	0
19	109	0
20	402	0
424	763	0
351	448	0
699	741	0
464	748	0
427	496	0
195	620	0
90	346	0
308	405	0
181	641	0
368	392	0
620	797	0
276	470	0
265	382	0
319	567	0
108	330	0
366	519	0
133	447	0
562	611	0
209	713	0
140	461	0
677	802	0
360	587	0
14	466	0
421	500	0
143	250	0
136	380	0
696	806	0
528	558	0
446	537	0
251	419	0
469	472	0
87	793	0
221	263	0
312	541	0
79	665	0
26	279	0
411	670	0
462	706	0
50	433	0
198	672	0
372	805	0
142	417	0
37	181	0
713	723	0
404	648	0
204	682	0
62	728	0
61	605	0
47	364	0
451	687	1
213	596	0
362	382	0
99	278	0
2	191	0
19	775	0
334	760	0
26	41	0
547	603	0
501	662	0
379	511	0
108	515	0
141	296	0
608	745	0
283	371	0
185	648	0
148	516	0
166	709	0
186	516	0
61	497	0
30	351	0
319	773	0
232	685	0
158	693	0
31	201	0
182	303	0
384	402	0
516	603	0
40	276	0
81	346	0
387	521	0
63	760	0
410	426	0
139	216	0
712	742	0
306	587	0
6	402	1
441	464	0
191	277	0
559	596	0
449	478	0
494	575	0
512	525	0
359	440	0
346	479	0
642	727	0
242	732	0
24	343	0
116	197	0
12	392	0
140	597	0
629	668	0
396	559	0
163	780	0
402	556	0
42	122	0
82	324	0
300	403	0
232	361	0
106	334	0
15	648	0
434	565	0
552	572	0
241	493	0
183	454	0
333	469	0
206	797	0
152	730	0
266	414	0
341	570	0
185	324	0
531	614	0
200	406	0
3	338	0
275	420	0
215	686	0
314	386	0
668	725	0
329	715	0
29	109	0
301	648	0
471	512	0
159	766	0
88	724	0
347	374	0
165	341	0
369	402	0
105	538	0
228	467	0
341	796	0
475	581	0
19	24	0
95	781	0
80	218	0
282	682	0
320	617	0
143	408	0
502	769	0
29	143	0
51	491	0
146	460	0
143	443	0
38	167	0
310	664	0
39	378	0
596	661	0
189	329	0
228	305	0
563	726	0
108	287	0
289	403	0
18	51	0
94	350	0
170	374	0
298	323	0
255	567	0
88	787	0
549	650	0
570	593	0
201	532	0
329	559	0
38	385	0
442	790	0
596	619	0
687	735	0
173	742	0
368	409	0
504	579	0
45	165	0
106	667	0
123	299	0
86	413	0
222	324	0
183	525	0
221	762	0
95	193	0
79	716	0
26	504	0
491	735	0
27	33	0
305	647	0
268	269	0
143	639	0
442	616	0
60	175	0
394	654	0
45	701	0
196	575	0
382	406	0
107	140	0
108	227	0
92	760	0
183	723	0
4	422	0
425	655	0
276	641	0
49	267	0
247	680	0
88	335	0
14	635	0
715	730	0
639	669	0
202	507	0
165	757	0
404	531	0
523	631	0
734	751	0
431	440	0
413	731	0
250	495	0
69	105	0
458	479	0
55	138	0
93	115	0
387	724	0
212	263	0
103	190	0
50	774	0
215	448	0
343	655	0
126	229	0
73	511	0
383	670	0
59	60	0
150	341	0
427	688	0
83	178	0
67	729	0
158	800	0
180	792	0
235	415	0
272	419	0
490	634	0
168	596	0
41	746	0
116	170	0
228	556	0
500	777	0
525	648	0
33	714	0
34	357	0
487	573	0
110	456	0
36	427	0
292	573	0
21	89	0
208	432	0
171	708	0
83	623	0
461	637	0
31	336	0
324	494	0
287	762	0
436	672	0
221	336	0
87	764	0
129	200	0
439	559	0
78	149	0
10	93	0
278	510	0
341	621	0
531	533	0
72	494	0
327	590	0
570	662	0
596	698	0
442	601	0
96	500	0
59	760	0
315	594	0
450	706	0
135	327	0
301	603	0
1	537	0
54	317	0
103	744	0
504	573	0
773	787	0
8	709	0
206	744	0
545	807	0
308	676	0
531	755	0
713	756	0
328	598	0
80	496	0
169	598	0
96	722	0
540	611	0
405	702	0
134	276	0
262	729	0
104	189	0
52	133	0
694	764	0
473	488	0
352	604	0
256	386	0
129	692	0
243	530	0
265	468	0
353	501	0
468	693	0
144	675	0
87	413	0
380	393	0
502	758	0
471	546	0
311	777	0
367	637	0
463	626	1
639	757	0
389	613	0
283	494	0
227	407	0
619	649	0
777	797	0
325	526	0
108	402	0
515	594	0
51	180	0
312	759	0
222	414	0
494	739	0
153	693	0
26	429	0
208	568	0
245	776	0
305	594	0
14	394	0
472	509	0
201	641	0
74	401	0
700	701	0
721	785	0
294	650	0
443	716	0
61	117	0
190	587	0
545	584	0
466	625	0
74	441	0
682	752	0
31	611	0
575	744	0
19	609	0
580	682	0
4	267	0
631	772	0
524	706	0
541	572	0
131	245	0
132	500	0
202	396	0
59	269	0
421	750	0
120	781	0
301	328	0
545	682	0
308	560	0
326	805	0
271	623	0
537	746	0
115	530	0
359	365	0
461	514	0
283	626	0
248	396	0
141	368	0
254	459	0
366	641	0
277	516	0
22	477	0
501	720	0
44	381	0
82	200	1
407	557	0
121	278	0
174	264	0
413	592	0
527	645	0
458	775	0
242	514	0
370	591	0
222	756	0
25	88	0
48	215	0
362	508	1
33	613	0
377	525	0
215	341	0
36	376	0
383	515	0
573	591	0
177	801	0
171	659	0
714	780	0
459	603	0
444	645	0
29	529	0
369	633	0
174	490	0
31	423	0
234	305	0
199	739	0
271	596	0
241	587	0
480	547	0
667	679	0
276	299	0
335	605	0
319	376	0
11	187	0
12	592	0
312	394	0
500	560	0
208	299	0
315	513	0
466	623	0
30	116	0
307	657	0
324	337	0
497	771	0
205	210	0
152	482	0
190	382	0
281	514	0
130	451	0
364	565	0
200	430	0
441	683	0
42	305	0
507	695	0
6	412	0
320	691	0
502	687	0
92	735	0
636	662	0
233	682	0
489	560	0
60	717	0
152	640	0
206	631	0
122	626	0
213	281	0
125	637	0
688	694	0
403	497	0
632	655	0
118	494	0
104	296	0
434	489	0
19	359	0
308	434	0
425	744	0
60	531	0
339	604	0
191	455	0
229	656	0
452	746	0
86	251	0
252	727	0
202	383	0
493	795	0
386	759	0
277	486	0
27	203	0
741	769	0
104	454	0
268	759	0
89	438	0
186	512	0
161	627	0
74	290	0
91	704	0
113	264	0
331	337	0
39	608	0
278	440	0
575	690	0
83	720	0
249	312	0
644	744	0
616	730	0
563	608	0
283	701	0
558	678	0
304	690	0
145	729	0
359	404	0
488	697	0
246	473	0
499	657	0
78	396	0
23	93	0
460	793	0
482	801	0
391	409	0
84	93	0
122	264	0
175	262	0
144	218	0
219	702	0
182	550	0
273	506	0
434	771	0
274	597	0
260	512	0
489	589	0
192	246	0
357	516	0
283	673	0
321	534	0
503	778	0
488	670	0
35	256	0
308	788	0
239	544	0
679	775	0
352	396	0
61	492	0
407	704	0
46	384	0
174	181	0
31	212	0
128	541	0
295	675	0
131	642	0
387	556	0
546	767	0
125	266	0
306	420	0
505	715	0
594	787	0
26	73	0
617	690	0
559	691	0
68	254	0
716	770	0
370	734	0
55	400	0
99	768	0
153	408	0
81	529	0
707	716	0
659	674	0
297	620	0
20	514	0
43	313	0
261	386	0
443	483	0
82	353	0
529	556	0
436	664	0
309	406	0
234	283	0
115	475	0
264	521	0
318	348	0
124	411	0
146	597	0
328	688	0
470	653	0
248	634	0
458	722	0
55	596	0
371	611	0
9	164	0
372	557	0
122	551	0
341	775	0
33	62	0
198	656	0
509	561	0
630	695	0
320	526	0
245	756	0
323	405	0
610	675	0
113	121	0
591	804	0
546	755	0
99	442	0
317	367	0
228	286	0
467	702	0
138	610	0
32	481	0
6	799	0
144	747	0
201	339	0
289	502	0
147	784	0
131	503	0
367	693	0
207	640	0
617	752	0
29	460	0
21	152	0
201	639	0
91	703	0
535	582	0
203	473	0
114	756	0
190	801	0
94	157	0
153	621	1
5	756	0
208	512	0
193	380	0
289	573	0
13	169	0
195	794	0
35	625	0
193	295	0
127	223	0
53	664	1
443	756	0
62	590	0
69	338	0
507	653	0
236	453	0
109	593	0
2	269	0
40	104	0
334	590	0
208	373	0
541	740	0
607	641	0
193	414	0
411	451	0
486	773	0
178	458	0
141	214	0
126	492	0
328	419	0
456	760	0
239	727	0
23	214	0
226	478	0
671	730	0
453	461	0
175	395	0
288	741	0
220	224	0
35	129	0
168	347	0
280	693	0
117	152	0
262	264	0
192	321	0
215	269	0
457	489	0
686	692	0
434	642	0
202	678	0
315	397	0
154	542	0
83	153	0
340	552	0
235	434	0
399	549	0
23	623	0
222	716	0
206	209	0
63	584	0
138	273	0
49	170	0
12	314	0
140	711	0
396	601	0
223	774	0
370	502	0
388	729	0
225	489	0
44	107	0
279	780	0
106	316	0
345	668	0
181	270	1
399	507	0
183	336	0
188	715	0
264	598	0
318	745	0
48	509	0
11	195	0
251	710	1
358	670	0
231	612	0
390	395	0
536	556	0
702	778	0
509	770	0
225	715	0
210	417	0
449	767	0
217	587	0
197	677	0
241	381	0
667	709	0
333	421	0
445	619	0
137	394	0
377	781	0
102	610	0
33	105	0
500	690	0
109	318	0
290	376	0
364	395	0
388	797	0
315	791	0
604	681	0
178	761	0
30	366	0
158	419	0
489	520	0
511	591	0
413	773	0
60	757	0
353	602	0
316	623	0
664	792	0
140	579	0
281	788	0
265	447	0
303	339	0
485	604	0
345	759	0
87	504	0
660	784	0
40	176	0
20	439	0
367	600	0
5	421	0
118	470	0
593	732	0
29	319	0
306	806	0
218	488	0
271	358	1
447	783	0
244	338	0
522	736	0
338	789	0
688	760	0
339	532	0
484	619	0
681	801	0
144	614	0
326	370	0
57	543	0
222	419	0
4	242	0
401	792	0
211	523	0
268	703	0
450	566	0
565	600	0
201	740	0
398	782	0
402	627	0
277	711	0
544	787	0
62	411	0
483	577	0
348	475	0
474	782	0
342	635	0
92	586	0
623	734	0
183	701	0
494	806	0
408	697	0
80	694	0
615	670	0
193	457	0
588	621	0
552	589	0
558	778	0
316	497	0
173	280	0
446	788	0
197	402	0
415	495	0
500	526	0
93	193	0
295	773	0
403	706	0
280	610	0
471	480	0
11	722	0
624	730	0
210	564	0
454	621	0
73	109	0
81	522	0
44	410	0
337	416	0
407	520	0
157	725	0
233	343	0
90	744	0
107	314	0
399	648	0
145	537	0
422	795	0
295	619	0
222	537	0
387	612	0
59	738	0
118	606	0
289	566	0
343	383	0
269	632	0
625	778	0
336	429	0
112	675	0
421	781	0
264	730	0
617	650	0
390	468	0
174	463	0
344	528	0
39	251	0
362	791	1
324	697	0
664	791	1
400	632	0
241	686	0
183	263	0
332	579	0
115	117	0
560	806	0
547	617	0
369	788	0
176	223	0
341	763	0
177	362	0
34	213	0
141	783	0
237	570	0
530	685	0
402	529	0
582	754	0
150	551	0
82	297	0
534	604	0
564	677	0
67	391	0
360	411	0
656	728	0
458	776	0
39	213	0
77	98	0
190	323	0
266	435	0
506	540	0
87	201	0
586	760	0
146	669	0
509	663	0
96	612	0
578	696	0
150	769	0
320	680	0
526	648	0
30	315	0
323	335	0
489	603	0
526	732	0
574	692	0
591	766	0
226	542	1
498	795	0
716	733	0
530	582	0
108	606	0
327	508	0
225	734	0
81	511	0
80	199	0
638	640	0
501	798	0
220	524	0
13	557	0
218	349	0
695	733	0
256	562	0
114	346	0
61	801	0
78	705	0
62	202	0
174	512	0
229	635	0
235	754	0
363	441	0
109	213	0
660	667	0
274	426	0
296	398	0
313	560	0
165	319	0
355	783	0
709	791	0
269	357	0
566	709	0
127	433	0
308	765	1
535	654	0
343	760	0
138	296	0
423	668	0
338	648	0
446	583	0
106	764	0
657	772	0
391	591	0
78	507	0
73	787	0
257	662	0
365	397	0
57	676	0
313	786	0
244	610	1
354	455	0
335	341	0
230	533	0
140	357	0
322	576	0
179	249	0
52	617	0
149	529	0
331	402	0
132	352	0
122	501	0
197	485	0
568	647	0
93	180	0
518	789	0
614	638	0
445	541	0
233	626	0
176	544	0
28	513	0
66	716	0
178	402	0
35	359	0
328	507	0
112	402	0
774	782	0
81	741	0
23	798	0
465	582	0
543	626	0
290	731	0
107	393	0
236	563	0
55	233	0
2	23	0
621	654	1
205	572	0
206	367	0
101	635	0
27	584	0
447	579	0
289	609	0
253	784	0
625	677	0
111	694	0
239	493	1
59	91	0
611	662	0
42	571	0
226	733	0
194	502	0
354	390	0
491	532	0
220	462	0
516	675	0
521	799	0
349	750	0
386	408	0
244	452	0
101	349	0
12	450	0
487	544	0
73	756	0
513	670	0
132	783	0
388	657	0
225	529	0
678	752	0
211	610	0
430	704	0
272	686	0
76	412	0
485	556	0
463	711	0
177	436	0
483	610	0
64	768	0
251	654	0
507	683	0
290	478	0
350	726	0
367	557	0
320	773	0
82	668	0
601	692	0
466	767	0
30	388	0
52	324	0
324	737	0
293	638	0
220	562	0
204	399	0
584	752	0
189	573	0
25	516	0
382	506	0
621	730	0
531	782	0
548	720	0
327	339	0
57	155	0
674	777	0
21	560	0
405	721	0
502	735	0
194	437	0
88	575	0
68	637	0
397	609	0
639	773	0
511	519	0
256	623	0
129	663	0
167	379	0
478	640	0
539	614	0
340	677	0
299	664	0
585	589	0
108	721	0
222	345	0
208	775	0
282	530	0
332	356	0
49	773	0
731	757	1
736	797	0
39	658	0
98	202	0
406	755	0
522	696	0
83	610	0
446	656	0
146	212	0
274	289	0
425	745	0
499	786	0
317	365	0
305	637	0
503	630	0
43	696	0
187	625	0
44	798	0
61	152	0
317	782	0
100	738	0
122	422	1
69	381	0
296	418	0
182	692	0
184	573	0
169	303	0
334	627	0
335	478	0
230	640	0
503	660	0
346	702	0
331	527	0
98	270	0
192	755	0
315	539	0
211	297	0
303	685	0
288	730	0
182	470	0
2	72	0
258	510	0
153	204	0
425	599	0
27	679	0
88	439	0
434	671	0
271	344	0
36	191	0
112	525	0
165	541	0
519	578	0
165	229	0
98	592	0
7	366	0
46	496	0
514	800	0
617	692	0
134	719	1
309	578	0
92	118	0
115	783	0
116	124	0
63	599	0
599	609	0
637	686	0
49	141	0
312	658	0
215	376	0
146	801	0
201	474	0
377	496	0
663	720	0
225	460	0
360	526	0
45	217	0
121	531	0
488	778	0
234	274	0
272	635	0
189	782	0
577	768	0
137	691	0
335	560	0
393	793	0
176	231	0
160	764	0
124	293	0
231	579	0
470	793	0
676	732	0
401	774	0
457	642	0
149	316	0
133	711	0
225	686	0
65	689	0
83	523	0
29	790	0
203	488	0
216	771	0
234	564	0
181	203	0
38	588	0
55	550	0
384	506	0
115	331	0
36	662	0
100	413	0
281	541	0
47	758	0
85	559	0
218	593	0
647	713	0
198	774	0
200	459	0
57	70	0
419	683	0
276	800	0
29	56	0
13	659	0
234	726	0
218	243	1
642	657	0
256	476	0
310	515	0
266	605	0
8	365	0
352	665	0
265	386	0
127	679	0
432	701	0
87	471	0
215	642	0
200	681	0
185	347	0
539	612	0
441	705	0
133	155	0
299	687	0
337	624	0
566	611	0
180	218	0
371	536	0
174	568	0
265	380	0
341	457	0
144	635	0
14	354	0
71	80	0
18	92	0
146	169	0
67	688	0
412	689	0
207	560	0
130	645	0
669	795	0
305	520	0
268	660	0
526	787	0
35	739	0
566	653	0
291	589	0
218	567	0
41	102	0
75	226	0
188	451	0
498	743	0
62	508	0
153	604	0
160	356	0
71	374	0
348	537	0
312	543	0
412	750	0
4	317	0
425	768	0
476	508	0
50	431	0
142	423	0
127	175	0
671	769	0
149	585	0
169	557	0
98	419	0
61	301	0
173	307	0
114	564	0
218	294	0
32	541	0
567	615	0
273	485	0
40	504	0
168	205	0
40	149	0
206	389	0
201	292	0
193	526	0
271	347	0
162	567	0
275	780	0
331	454	0
240	751	0
59	165	0
496	633	0
188	775	0
617	627	0
121	348	0
598	734	0
233	378	0
250	568	0
378	629	0
421	558	0
70	359	0
130	136	0
205	708	0
412	544	0
228	699	0
202	477	0
563	738	0
495	650	0
306	585	0
127	739	0
383	629	0
108	151	0
171	589	0
7	483	0
279	670	0
333	662	0
47	386	0
323	790	0
90	567	0
479	489	0
128	792	0
1	14	0
112	210	0
116	199	0
281	302	0
274	705	0
229	416	0
11	117	0
341	742	0
124	730	0
594	714	0
346	499	0
73	652	0
275	712	0
148	186	0
223	646	0
52	564	0
42	562	0
315	731	0
82	322	0
319	761	0
232	363	0
96	665	0
129	787	0
2	515	0
24	119	0
33	446	0
281	584	0
138	195	0
266	412	0
33	511	0
17	786	0
180	650	0
328	685	0
94	768	0
421	729	1
186	727	0
314	384	0
65	526	0
337	801	0
502	613	0
543	753	0
307	633	0
53	101	0
219	261	0
112	268	0
99	763	0
524	702	0
454	491	0
248	279	0
198	765	0
594	640	0
643	768	0
570	800	0
753	798	0
539	723	0
540	648	0
647	740	0
88	759	0
105	575	0
307	791	0
74	146	0
75	467	0
536	799	0
539	677	0
193	477	0
596	663	0
78	746	0
228	307	0
265	271	0
612	643	0
541	723	0
17	350	0
734	765	0
381	779	0
477	588	0
403	665	0
42	187	0
533	696	0
374	652	0
65	74	0
28	122	1
359	616	0
549	648	0
53	473	0
346	597	0
203	452	0
239	731	0
99	183	0
174	711	0
251	464	0
507	586	0
326	386	0
109	786	0
33	270	0
80	536	0
230	622	0
193	309	0
322	637	0
89	286	0
52	662	0
37	198	0
75	799	0
203	290	0
187	697	0
135	569	0
83	376	0
100	698	0
250	267	0
518	759	0
273	304	0
169	359	0
408	553	0
631	723	0
154	469	0
283	665	0
141	249	0
269	772	0
435	548	0
662	805	0
166	660	0
203	638	0
33	678	0
68	386	0
361	664	0
434	807	0
40	355	0
376	480	0
193	766	0
432	509	0
306	410	0
269	742	0
110	748	0
366	602	0
457	798	0
21	133	0
351	723	0
336	601	0
44	298	0
262	369	0
67	731	0
31	60	0
90	664	0
349	408	0
497	682	0
25	243	0
525	646	0
445	491	0
729	795	0
34	355	0
56	663	0
292	575	0
573	666	0
617	632	0
443	445	0
121	715	0
195	204	0
324	488	0
530	537	0
719	737	0
635	746	0
318	650	0
400	789	0
34	69	0
267	397	0
471	504	0
667	786	0
57	412	0
185	215	0
4	637	0
21	313	0
261	362	0
65	633	0
82	697	0
468	506	0
428	461	0
391	731	0
40	316	0
472	613	0
345	409	0
16	727	0
293	601	0
241	280	0
115	259	0
280	364	0
190	211	0
342	807	0
87	185	0
12	229	0
146	301	0
94	655	0
111	311	0
406	537	0
7	536	0
29	224	0
656	790	0
142	769	0
90	510	0
420	675	0
658	691	0
151	589	0
333	682	0
136	250	0
100	139	0
191	348	0
394	574	0
161	281	0
107	482	0
200	737	0
184	230	0
296	480	0
441	761	0
80	343	0
133	211	0
118	307	0
585	625	0
488	573	0
74	701	0
347	739	0
97	756	0
423	526	0
83	585	0
174	624	0
265	692	0
319	585	0
123	344	0
336	589	0
144	579	0
379	714	0
297	729	0
403	546	0
361	459	0
27	158	0
669	707	0
670	676	0
231	470	0
285	730	0
142	381	0
104	569	0
168	384	0
352	533	0
151	241	0
300	717	0
545	590	0
476	515	0
107	221	0
549	656	0
236	511	0
199	773	0
365	541	0
169	306	0
631	774	0
239	504	0
11	531	0
321	671	0
13	65	0
217	478	0
767	786	0
314	704	0
92	577	0
459	553	0
745	764	0
67	776	0
212	231	0
250	414	0
70	141	0
310	598	0
40	432	0
555	674	0
351	764	0
524	802	0
266	574	0
88	476	0
343	572	0
72	252	0
437	710	0
75	758	0
314	802	0
97	402	0
172	324	0
407	559	0
15	782	0
144	301	0
589	661	0
145	516	0
310	478	0
497	709	0
295	526	0
296	632	0
334	464	0
64	756	0
112	749	0
177	427	0
380	662	0
141	592	0
239	349	0
573	589	0
225	423	0
188	557	0
119	763	0
370	564	0
157	474	0
31	417	0
234	319	0
150	387	0
346	405	0
326	743	0
406	684	0
372	417	0
409	729	0
138	441	0
176	252	0
345	674	0
50	669	0
34	246	0
72	445	0
401	793	0
676	802	0
609	650	0
457	741	0
42	541	0
551	694	0
67	291	0
307	659	0
113	736	0
294	447	0
44	95	0
439	674	0
76	534	0
371	792	0
100	506	0
372	583	0
234	272	0
155	671	0
110	183	1
510	717	1
4	736	0
479	774	0
81	467	0
209	294	0
232	455	0
502	685	0
543	713	0
747	802	0
54	398	0
310	548	0
406	807	0
8	370	0
116	755	0
2	650	0
139	573	0
198	709	0
18	343	0
471	595	0
470	697	0
313	369	0
276	611	0
118	492	0
548	757	0
262	586	0
689	718	0
687	782	0
53	383	0
165	277	0
526	731	0
39	316	0
226	773	0
78	802	0
62	231	0
191	449	0
235	721	0
507	788	0
145	233	0
312	806	0
147	755	0
208	663	0
46	579	0
194	342	0
433	566	0
285	525	0
237	346	0
201	722	0
293	787	0
353	511	0
264	280	0
174	767	0
490	688	0
182	794	0
93	501	0
130	353	0
4	346	0
155	222	0
374	454	0
571	726	0
588	648	0
124	348	0
135	513	0
340	449	0
197	472	0
92	674	0
199	638	0
183	789	0
365	658	0
206	430	0
408	609	0
404	505	0
27	777	0
357	514	0
304	402	0
247	658	0
178	439	0
509	790	0
35	258	0
240	708	0
149	790	0
187	463	0
336	771	0
211	453	0
233	413	0
175	614	0
154	736	0
664	705	1
604	652	0
205	735	0
645	770	0
492	757	0
447	614	0
386	455	0
75	300	0
421	753	0
434	623	0
711	792	0
20	660	0
96	114	0
358	576	0
634	766	0
693	747	0
250	775	0
25	171	0
483	675	0
48	68	0
11	72	0
86	524	0
33	752	0
395	489	0
659	676	0
403	620	0
163	789	0
291	296	0
275	687	0
573	706	0
43	315	0
150	637	0
355	695	0
82	351	1
111	136	0
232	368	0
505	796	0
574	742	0
183	511	0
115	477	0
48	418	0
124	405	0
416	454	0
162	182	0
110	224	0
94	805	0
238	532	0
177	639	0
225	798	0
119	402	0
247	345	0
30	481	0
158	314	0
159	519	0
234	632	0
316	726	0
99	734	0
371	613	0
538	631	0
138	782	0
32	261	0
432	559	0
17	599	0
420	670	0
200	603	0
185	489	0
403	414	0
186	530	0
80	241	0
81	328	0
320	512	0
172	545	0
618	625	0
13	739	0
53	290	0
75	310	0
61	759	0
152	525	0
227	243	0
464	750	0
356	469	0
319	675	0
138	635	0
86	170	0
144	749	0
161	705	0
34	561	0
643	709	0
94	353	0
296	440	0
80	287	0
233	733	0
373	694	0
201	392	0
29	458	0
322	372	0
344	420	0
127	507	0
271	445	0
203	475	0
353	426	0
575	774	0
99	154	0
173	767	0
265	716	0
31	737	0
69	574	0
251	311	0
71	224	0
642	729	0
257	684	0
365	451	0
131	151	0
133	461	0
231	286	0
13	167	0
51	76	0
83	466	0
74	471	0
187	668	0
408	468	0
300	661	0
338	480	0
430	496	0
452	616	0
144	169	0
78	471	0
71	262	0
2	267	0
19	667	0
266	660	0
401	683	0
321	583	0
140	189	0
163	356	0
435	459	0
239	721	0
754	791	1
723	796	0
232	769	0
218	456	0
107	451	0
288	743	0
219	525	0
365	775	0
645	725	0
137	786	0
656	805	0
192	323	0
33	593	0
267	403	0
527	721	0
141	438	0
337	642	0
110	721	0
456	472	0
797	799	0
444	617	0
543	598	0
174	326	0
94	221	0
90	645	0
182	221	0
216	493	0
641	717	1
368	707	0
410	472	0
448	667	0
103	373	0
487	538	0
73	290	0
291	375	0
683	752	0
43	406	0
315	365	0
185	447	0
68	99	0
436	719	0
399	453	0
433	741	0
360	770	0
295	308	0
463	764	0
635	705	0
500	726	0
108	672	0
586	627	0
462	801	0
402	698	0
609	690	0
284	698	0
581	700	0
216	736	0
155	434	0
217	585	0
324	683	0
197	675	1
626	791	0
272	774	0
113	680	0
30	741	1
78	350	0
325	763	0
441	719	0
266	364	0
251	806	0
432	636	0
454	761	0
381	439	0
509	610	0
202	755	0
215	699	0
21	518	0
5	129	0
502	661	0
428	520	0
13	694	0
51	639	0
52	172	0
234	715	0
736	790	0
420	648	0
293	646	0
475	559	0
60	759	0
61	682	0
152	762	0
45	485	0
717	789	0
281	794	0
89	146	0
85	292	0
110	249	0
471	539	0
184	203	0
238	770	0
185	374	0
191	428	0
299	650	0
337	595	0
410	565	0
216	348	0
89	210	0
90	317	0
255	709	0
330	748	0
184	250	0
167	403	0
249	404	0
302	398	0
48	793	0
69	641	0
276	676	0
236	246	0
311	708	0
41	480	0
356	499	0
433	638	0
450	564	0
291	616	0
420	587	0
443	677	0
61	110	0
45	553	0
106	553	0
69	419	0
362	447	0
288	438	0
507	570	0
130	297	0
238	702	0
494	804	0
368	669	0
49	703	1
247	564	0
322	749	0
89	654	0
473	623	0
490	610	0
97	171	0
98	324	0
316	499	0
210	650	0
62	763	0
301	353	0
122	334	0
286	719	0
18	517	0
461	539	0
297	458	0
425	541	0
10	693	0
102	279	0
267	302	0
484	626	0
80	501	0
36	97	0
366	744	0
19	296	0
188	804	0
617	622	0
159	200	1
174	243	0
233	341	0
74	390	0
325	397	0
474	585	0
3	393	0
131	732	0
483	797	0
192	478	0
546	549	0
164	624	0
306	618	0
344	649	0
433	539	0
112	677	0
470	666	0
23	587	0
7	454	0
390	458	0
106	399	0
270	780	0
399	424	0
295	331	0
244	273	0
353	425	0
379	570	0
105	443	0
346	600	0
312	497	0
275	743	0
314	323	0
246	782	0
564	679	0
581	783	0
472	759	0
669	793	1
16	697	0
54	129	0
566	686	0
220	697	0
504	555	0
400	449	0
9	256	0
265	755	0
48	362	1
600	775	0
74	312	0
177	586	0
207	537	0
327	728	0
509	661	0
94	765	0
303	745	0
96	614	0
314	421	0
685	754	0
66	322	0
211	791	0
413	431	0
472	533	0
53	120	0
114	118	0
591	760	0
226	540	1
243	614	0
145	377	0
47	542	0
85	343	0
409	631	0
313	340	0
208	558	0
299	345	0
263	706	0
178	618	0
285	774	0
549	782	0
397	716	0
604	740	0
142	157	0
346	788	0
330	689	0
481	571	0
62	200	0
523	598	0
212	701	0
484	698	0
164	492	0
70	695	0
289	444	0
628	777	0
259	260	0
398	510	0
26	569	0
562	599	0
65	85	0
179	477	0
566	731	0
218	637	0
535	648	0
97	612	0
39	633	0
99	210	0
248	760	0
9	702	0
174	736	0
356	707	0
123	712	0
584	806	0
507	617	0
623	655	0
628	795	0
274	330	0
131	239	0
364	730	0
335	343	0
49	586	0
156	682	0
268	300	0
389	701	0
59	401	0
442	523	0
193	340	0
300	605	0
16	428	0
305	690	0
145	328	0
18	726	0
274	620	0
351	622	0
541	682	0
193	580	0
321	527	0
355	449	0
605	615	0
100	763	0
165	662	0
774	780	0
421	636	0
23	792	0
151	327	0
597	755	0
488	739	0
31	253	0
231	339	0
488	705	0
406	511	0
130	222	0
503	750	0
45	597	0
228	749	0
64	326	0
712	722	0
215	481	0
480	653	0
73	408	0
65	319	0
276	347	0
217	385	0
315	439	0
262	338	0
174	382	0
196	466	0
91	300	0
272	386	0
242	656	0
115	162	0
452	617	0
162	433	0
237	651	0
201	397	0
440	723	0
572	644	0
132	777	0
81	167	0
98	799	0
694	738	0
375	541	0
30	232	0
270	667	0
287	731	0
551	574	0
272	672	0
257	284	0
77	179	0
538	647	0
190	402	0
318	679	0
409	585	0
11	269	0
160	577	0
177	741	0
290	476	0
254	533	0
517	523	0
20	53	0
421	722	0
42	685	0
314	470	0
150	688	0
526	763	0
428	434	0
374	575	0
247	741	0
233	798	0
217	641	0
159	546	0
551	796	0
509	604	0
76	380	0
280	329	0
9	141	0
122	526	0
506	673	0
363	744	0
577	738	0
421	765	1
540	578	0
480	784	0
501	618	0
549	765	0
156	347	0
284	384	0
411	452	0
323	442	0
307	801	0
381	404	0
431	769	0
39	430	0
316	529	0
78	688	0
407	458	0
137	162	0
212	610	0
452	760	0
325	717	0
34	554	0
215	265	0
694	760	0
556	619	0
298	375	0
374	695	0
560	732	0
66	251	0
216	276	0
291	706	0
372	523	0
346	667	0
330	804	0
22	598	0
60	413	0
353	397	0
83	612	0
190	776	0
356	528	0
425	564	0
123	359	0
476	589	0
102	343	0
79	528	0
80	594	0
88	125	0
382	611	0
560	638	0
536	741	0
421	429	0
204	563	0
23	489	0
395	450	0
39	152	0
248	387	0
9	555	0
84	233	0
47	487	0
69	379	0
287	436	0
17	208	0
257	609	0
311	466	0
757	782	0
401	756	0
335	472	0
49	380	0
49	711	0
366	609	0
13	100	0
488	684	0
308	782	0
383	492	0
392	506	0
149	676	0
496	704	0
723	771	0
213	705	0
233	499	0
196	641	0
69	157	0
128	609	0
199	526	0
357	576	0
79	84	0
260	658	1
440	471	0
102	223	0
71	551	0
527	764	0
141	401	0
234	696	0
664	687	0
37	576	0
240	596	0
97	445	1
58	642	0
337	494	0
232	708	0
174	299	0
158	748	0
363	483	0
235	459	0
77	484	0
295	557	0
352	427	0
392	788	0
599	611	0
546	621	0
358	407	0
162	354	0
146	799	0
698	784	0
706	739	0
239	368	0
388	736	0
225	450	0
112	497	0
211	659	0
655	674	0
710	715	0
345	645	0
346	374	0
295	654	0
220	323	0
183	329	0
43	563	0
577	774	0
392	626	0
10	129	0
13	553	0
206	287	0
145	607	0
253	389	0
237	512	0
328	804	0
475	496	0
96	448	0
103	251	0
315	558	0
82	751	0
45	505	0
157	223	0
285	394	0
694	716	0
15	289	0
203	513	0
39	159	0
422	749	0
349	771	0
318	466	0
122	691	0
85	557	0
11	390	0
547	728	0
548	615	0
199	469	0
237	802	0
254	640	0
511	638	0
590	604	0
630	795	0
5	172	0
321	335	0
634	677	0
359	787	0
158	330	0
159	663	0
398	501	0
610	719	0
384	643	0
482	595	0
61	645	0
9	58	0
589	742	0
261	688	0
252	272	0
643	695	1
94	471	0
20	414	0
259	702	0
80	129	0
133	153	0
192	587	0
37	527	0
601	801	0
575	719	0
259	363	0
240	327	0
242	429	0
226	806	0
317	477	0
191	484	0
229	689	0
32	83	0
341	471	0
144	637	0
488	586	0
41	395	0
133	443	0
58	315	0
247	781	0
50	331	0
450	721	0
67	625	0
571	791	0
53	628	0
168	407	0
421	496	0
114	578	0
357	802	0
613	620	0
174	792	0
69	462	0
71	368	0
438	669	0
188	586	0
169	504	0
408	672	0
246	254	0
321	725	0
559	693	0
281	718	0
162	304	0
375	712	0
277	386	0
46	344	0
611	720	0
619	769	0
196	598	0
287	313	0
469	710	0
309	785	0
603	621	0
168	207	0
25	330	0
117	244	0
10	670	0
239	322	0
283	654	0
34	288	0
120	149	0
608	749	0
239	577	0
330	367	0
22	41	0
81	547	0
121	444	0
444	507	0
386	392	0
121	354	0
606	624	0
379	672	0
516	583	0
554	670	0
296	674	0
297	655	0
119	744	0
148	296	0
370	593	0
250	435	0
22	267	0
150	316	0
210	235	0
29	549	0
67	654	0
323	792	0
90	565	0
556	680	0
236	795	0
55	497	0
167	667	0
244	318	0
281	300	0
101	147	0
103	453	0
569	577	0
550	570	0
147	407	0
133	680	0
271	583	0
172	194	0
49	517	0
284	516	0
211	540	0
287	659	0
348	387	0
243	367	0
264	552	0
228	249	0
245	773	0
138	193	0
214	316	0
586	707	0
146	692	0
520	659	0
487	591	0
111	172	0
132	487	0
81	393	0
601	754	0
284	298	0
234	697	0
124	724	0
316	763	0
152	332	0
206	515	0
9	197	0
467	769	0
657	721	0
180	550	0
198	755	0
18	269	0
609	780	0
403	445	0
26	768	0
246	751	0
7	583	0
502	773	0
428	664	0
433	770	0
51	495	0
269	412	0
15	72	0
444	675	0
330	666	0
437	742	0
220	794	0
78	744	0
140	622	0
137	250	0
40	523	0
576	717	0
464	603	0
230	770	0
359	618	0
624	761	0
81	153	0
48	450	0
271	400	0
656	666	0
39	596	0
498	694	0
493	756	0
339	646	0
392	622	0
196	773	0
572	617	0
288	344	0
109	784	0
603	751	0
4	140	0
79	712	0
260	790	0
551	555	0
155	232	0
46	607	0
486	762	0
322	635	0
453	732	0
331	491	0
190	546	0
356	782	0
197	270	1
288	550	0
342	745	0
199	688	0
93	173	0
197	529	0
499	746	0
524	681	0
304	460	0
411	416	0
163	259	0
150	724	0
58	567	0
240	702	0
314	669	0
44	518	0
151	290	0
210	794	0
482	599	0
376	462	0
68	396	0
361	670	0
393	543	0
235	373	0
96	492	0
3	379	0
116	400	0
27	609	0
296	454	0
49	489	0
354	704	0
380	541	0
344	539	0
366	600	0
517	541	0
97	485	0
426	725	0
617	766	0
634	708	0
136	807	0
84	741	1
340	591	0
345	803	0
272	423	0
559	807	0
241	722	0
612	669	0
77	428	0
263	740	0
210	645	0
301	627	0
231	679	0
306	762	0
315	609	0
21	101	0
358	620	0
405	774	0
100	457	0
20	192	0
655	666	0
309	346	0
47	706	0
612	698	0
4	194	0
452	481	0
635	748	0
483	587	0
200	410	0
341	617	0
177	760	0
253	333	0
73	575	0
219	300	0
517	579	0
495	496	0
43	147	0
336	423	0
135	323	0
191	566	0
142	741	1
234	522	0
324	753	0
128	435	0
455	540	0
241	286	0
204	358	0
115	261	0
189	534	0
280	366	0
431	713	0
548	703	0
509	517	0
6	456	0
95	732	0
81	262	0
320	730	0
220	546	0
137	399	0
678	725	0
457	523	0
368	758	0
574	778	0
152	727	0
302	713	0
86	96	0
198	622	0
509	582	0
381	700	0
184	232	0
501	635	0
222	352	0
313	452	0
26	663	0
432	637	0
106	296	0
49	798	0
66	148	0
15	221	0
181	709	0
423	520	0
338	756	0
5	165	0
191	572	0
32	155	0
144	581	0
161	633	0
145	156	0
19	391	0
131	321	0
650	686	0
579	607	0
28	207	0
718	735	0
52	283	0
142	323	0
382	580	0
143	558	0
60	216	0
300	719	0
227	377	0
122	385	0
486	662	0
605	790	0
605	628	0
342	666	0
178	378	0
328	579	0
506	771	0
221	331	0
41	253	0
403	800	0
547	702	0
706	761	0
193	426	0
247	539	0
274	667	0
14	680	0
398	523	0
324	621	0
165	772	0
22	247	0
120	785	0
316	656	0
471	654	0
71	606	0
364	484	0
260	703	0
463	495	0
266	572	0
28	691	0
33	799	0
487	494	0
399	471	0
163	396	0
240	553	0
47	544	0
121	282	0
323	690	0
423	781	0
658	681	0
681	728	0
205	650	0
228	637	0
252	482	0
201	291	0
276	459	0
81	789	0
353	744	0
26	418	0
104	143	0
705	717	0
107	569	0
271	592	1
453	605	0
55	313	0
168	707	0
152	200	0
782	797	0
458	609	0
392	599	0
599	700	0
134	447	0
431	798	0
140	537	0
659	763	0
504	553	0
73	586	0
510	529	0
292	684	0
284	588	0
285	421	0
656	711	0
52	464	0
324	349	0
213	478	0
726	785	0
243	737	0
294	445	0
105	573	0
439	700	0
8	534	0
33	421	0
18	435	0
327	703	0
133	688	0
470	487	0
132	447	0
540	556	0
708	778	0
391	590	0
695	762	0
485	786	0
433	805	0
54	396	0
385	657	0
116	765	0
63	470	0
674	793	0
124	192	0
108	701	0
125	633	0
40	677	0
20	507	0
42	95	0
299	324	0
218	289	0
30	564	0
269	420	0
178	573	0
38	227	0
610	639	0
523	629	0
84	421	0
356	386	0
69	695	0
235	723	0
507	790	0
252	654	0
130	605	0
346	608	0
170	330	0
134	673	0
143	457	0
127	342	0
9	469	0
442	714	0
459	792	0
278	444	0
151	166	1
373	707	0
174	765	0
47	113	0
320	497	0
251	410	0
507	628	0
623	674	0
476	509	0
350	450	0
26	316	0
283	391	0
247	590	0
486	642	0
503	736	0
126	613	0
679	733	0
187	739	0
369	708	0
316	453	0
300	578	0
248	499	0
368	424	0
261	275	0
47	343	0
119	176	0
123	565	0
159	793	0
54	625	0
182	570	0
18	571	0
644	795	0
80	768	0
64	389	0
329	613	0
141	319	0
35	260	0
550	677	0
359	591	0
205	287	0
232	694	0
233	387	0
106	147	0
378	604	0
107	374	0
54	659	1
182	324	0
130	163	0
92	229	0
206	334	0
665	791	0
447	608	0
80	465	0
117	759	0
294	715	0
123	446	0
239	258	0
276	376	0
611	695	0
315	466	0
646	723	0
172	441	0
762	789	0
375	706	0
512	550	0
31	502	0
320	352	0
91	267	0
326	694	0
97	218	0
244	475	1
483	677	0
74	278	0
214	567	0
26	616	0
590	615	0
163	791	0
291	298	0
186	476	0
149	200	0
298	754	0
98	800	0
547	589	0
450	473	0
523	756	0
16	627	0
309	402	0
291	538	0
521	538	0
294	787	0
52	517	0
119	320	0
102	747	0
329	502	0
315	610	0
346	572	0
147	344	0
419	735	0
149	426	0
535	642	0
405	528	0
360	582	0
168	491	0
466	734	0
51	756	0
15	337	0
241	294	0
294	296	0
385	588	0
189	606	0
544	563	0
63	101	0
468	523	0
341	771	0
33	50	0
106	647	0
570	779	0
181	600	0
20	296	0
186	528	0
5	60	0
557	639	0
405	754	0
7	610	0
156	184	0
233	539	0
397	642	0
159	807	0
329	724	0
614	707	0
75	296	0
437	641	0
39	333	0
316	566	0
83	805	0
377	482	0
377	704	0
484	748	0
76	563	0
485	693	0
252	640	0
215	524	0
237	468	0
602	749	0
388	490	0
299	561	0
36	548	0
197	635	0
403	633	0
338	700	0
377	389	0
653	785	0
588	776	0
605	666	0
305	608	0
207	391	0
476	594	0
131	153	0
403	604	0
606	638	0
75	167	0
13	165	0
35	629	0
307	504	0
100	725	0
255	406	0
166	370	0
331	462	0
28	282	0
369	582	0
45	596	0
374	625	0
31	513	0
143	540	0
144	171	0
1	726	0
522	611	0
183	714	0
292	378	0
779	805	0
64	114	0
357	723	0
49	738	0
321	581	0
50	61	0
253	514	0
89	545	0
355	439	0
112	334	0
187	380	0
226	474	0
390	563	0
482	802	0
158	559	0
196	742	0
378	513	0
384	504	0
2	43	0
3	286	0
645	723	0
297	637	0
245	351	0
118	711	0
371	436	0
46	679	0
73	454	0
203	457	0
165	574	0
315	385	0
337	457	0
317	723	0
429	505	0
323	650	0
196	388	0
626	714	0
107	739	0
70	501	0
50	436	0
182	211	0
590	716	0
607	662	0
77	391	0
319	478	0
690	734	0
448	669	0
291	441	0
215	281	0
306	727	0
100	676	0
555	740	0
187	734	0
276	387	0
573	627	0
298	583	0
261	593	0
7	109	0
375	599	0
46	749	0
430	652	0
159	310	1
348	493	0
373	789	0
544	770	0
392	623	0
335	529	0
251	730	0
214	450	0
50	675	0
200	268	0
110	275	0
147	263	1
419	618	0
593	706	0
223	528	0
224	658	0
528	754	0
65	658	0
60	125	0
210	413	0
564	636	1
613	614	0
98	424	0
203	556	0
260	623	0
258	807	0
139	320	0
371	722	0
355	761	0
33	109	0
97	170	0
155	574	0
502	747	0
68	545	0
234	713	0
451	680	0
368	715	0
384	608	0
151	554	0
9	85	0
228	431	0
365	657	0
48	573	0
485	600	0
17	706	0
115	624	0
199	222	0
200	712	0
40	637	0
111	498	0
331	543	0
5	417	0
557	756	0
359	532	0
329	577	0
347	664	0
383	409	0
317	480	0
84	477	0
229	724	0
86	295	0
252	539	0
92	800	0
221	580	0
546	778	0
421	700	0
334	797	0
66	376	0
448	480	0
247	643	0
472	486	0
451	594	0
23	419	0
135	677	0
173	626	0
190	592	1
84	179	1
302	366	0
83	437	0
198	207	0
168	171	0
254	365	0
576	795	0
170	548	0
524	731	0
672	726	0
65	282	0
156	759	0
50	78	0
13	90	0
72	746	0
640	780	0
473	621	0
59	484	0
382	766	0
294	589	0
628	690	0
316	397	0
210	648	0
173	276	0
303	753	0
567	580	0
469	729	0
71	629	0
551	616	0
19	806	0
115	573	0
499	666	0
5	775	0
192	306	0
102	277	0
139	285	0
92	317	0
721	784	0
344	621	0
110	768	0
59	194	0
408	691	0
261	770	0
98	676	0
337	420	0
227	792	0
413	583	0
16	255	0
474	599	0
755	762	0
497	734	0
131	734	0
297	746	0
637	738	0
33	604	0
215	332	0
35	58	0
163	241	0
625	782	0
148	379	0
286	416	0
657	793	0
187	215	0
776	792	0
119	784	0
434	456	0
106	397	0
54	101	0
349	485	0
241	674	0
183	259	0
116	806	0
667	734	1
137	639	0
393	758	0
560	620	0
12	425	0
50	756	0
569	604	0
220	743	0
292	649	0
196	259	0
611	805	0
402	652	0
118	546	0
55	762	0
497	794	0
447	552	0
243	330	0
264	709	0
193	665	0
600	777	0
711	739	0
182	298	0
381	488	0
509	659	0
94	739	0
364	745	0
149	482	0
81	500	0
473	783	0
67	169	0
105	510	0
677	800	0
198	690	0
293	727	0
39	55	0
671	791	0
8	345	0
116	666	0
372	780	0
48	586	0
506	762	0
124	189	0
485	549	0
34	661	0
556	754	0
351	502	0
647	709	0
192	517	0
155	651	1
10	459	0
51	458	0
269	447	0
482	668	0
717	769	0
22	729	0
515	757	0
189	360	0
248	796	0
249	453	0
198	510	1
184	344	0
549	696	0
477	685	0
299	633	0
601	621	0
245	677	0
51	232	0
566	729	0
218	635	0
420	787	0
97	634	1
248	762	0
190	765	0
446	587	0
249	674	0
74	640	0
235	788	0
326	493	0
397	497	0
130	664	0
11	753	0
386	782	0
169	422	0
80	519	0
585	687	0
155	247	0
520	629	0
487	680	0
314	604	0
442	521	0
114	794	0
46	339	0
83	281	0
356	803	0
340	424	0
16	430	0
568	651	0
18	724	0
311	377	0
55	420	0
518	777	0
408	520	0
172	427	0
321	525	0
306	347	0
242	621	0
239	523	0
22	103	0
336	794	0
648	802	0
157	772	0
721	801	0
323	548	0
384	416	0
361	751	0
168	279	1
131	685	0
245	279	0
546	724	0
728	751	0
379	781	0
215	483	0
417	552	0
20	755	0
98	593	0
98	571	0
427	659	1
29	635	0
46	331	0
196	476	0
107	683	0
91	302	0
219	789	0
417	611	0
220	458	0
3	628	0
222	648	0
50	612	0
10	280	0
690	742	0
214	552	0
170	549	0
343	396	0
332	545	0
201	435	0
276	443	0
573	699	0
479	732	0
271	636	0
172	244	0
210	323	0
194	604	0
328	428	0
285	307	0
468	539	0
16	520	0
271	704	0
488	794	0
348	469	0
3	786	0
440	568	0
355	595	0
531	564	0
332	638	0
185	240	0
24	439	0
512	806	0
150	694	0
247	374	0
479	761	0
243	475	0
233	796	0
655	703	0
74	792	0
716	735	0
379	518	0
353	573	0
333	361	0
183	546	0
11	493	0
198	681	0
200	546	1
328	631	0
419	768	0
630	684	0
647	664	0
29	193	0
51	441	0
90	465	0
6	220	0
493	498	0
33	703	0
167	375	0
333	587	0
154	205	0
302	746	1
583	687	0
394	721	0
335	544	0
40	565	0
386	577	0
80	310	0
632	771	0
282	542	0
299	724	0
351	506	0
195	519	0
36	513	0
171	370	0
330	802	0
347	704	0
22	596	0
39	654	0
9	403	0
189	253	0
136	503	0
523	709	0
281	470	0
393	488	0
123	377	0
161	516	0
326	446	0
532	637	0
77	142	0
311	526	0
518	697	0
313	705	0
298	407	0
193	363	0
156	793	0
305	625	0
503	626	0
285	699	0
142	348	0
308	588	0
241	471	0
317	778	0
514	534	0
507	740	0
92	526	0
257	615	0
455	636	0
757	780	0
334	631	0
207	239	0
202	335	0
102	499	0
268	417	0
554	600	0
73	207	0
435	496	0
137	535	0
148	767	0
113	551	0
149	674	0
723	773	0
83	418	0
466	486	0
707	782	0
69	155	0
234	507	0
18	587	0
2	68	0
365	800	0
168	356	0
116	346	0
689	774	0
102	221	0
11	263	0
267	360	0
78	295	0
692	703	1
344	549	0
328	362	1
20	544	0
239	412	0
113	762	0
213	273	0
520	616	0
225	230	0
337	492	0
724	776	0
83	128	0
67	519	0
7	793	0
204	279	0
335	700	0
275	410	0
276	528	0
242	547	1
253	360	0
222	725	0
79	372	0
101	492	0
319	421	0
214	709	0
189	677	0
550	791	0
223	793	0
133	545	0
261	636	0
188	716	0
120	234	0
395	422	0
121	535	0
635	750	0
324	412	0
181	309	0
399	482	0
500	602	0
55	284	0
257	461	0
242	773	0
189	778	0
335	572	0
50	700	0
125	216	0
509	761	0
200	273	0
147	490	0
292	705	0
94	793	0
149	312	0
33	409	0
30	85	0
401	426	0
159	627	0
589	801	0
414	782	0
193	559	0
294	478	0
5	382	0
439	643	0
189	748	0
681	726	0
401	605	0
176	505	0
18	404	0
163	709	0
57	74	0
534	564	0
630	793	0
186	686	0
80	101	0
578	764	0
405	640	0
209	229	0
677	760	0
159	657	0
53	190	0
330	533	0
76	241	0
60	750	0
77	776	0
206	596	0
538	578	0
374	426	0
547	568	0
252	274	0
200	685	0
118	463	1
134	377	0
66	170	0
104	265	0
178	560	0
90	292	0
74	609	0
713	725	0
330	759	0
368	398	0
39	733	0
8	79	0
436	586	0
84	442	0
85	111	0
600	781	0
189	319	0
761	780	0
311	765	0
386	724	0
403	750	0
665	774	0
299	577	0
193	198	0
305	524	0
268	656	0
397	500	0
256	796	0
613	618	0
227	291	0
265	578	0
384	773	0
225	491	0
466	642	0
198	224	0
257	722	0
221	257	0
312	547	0
95	376	0
387	435	0
65	317	0
510	806	0
231	360	0
89	695	0
52	557	0
186	225	0
398	593	0
331	606	1
60	112	0
316	490	0
300	551	0
301	378	0
122	297	0
175	289	0
32	529	0
213	358	0
1	582	0
552	799	0
93	248	0
371	458	0
323	506	0
616	719	0
412	582	0
49	370	0
508	689	0
14	528	0
205	269	0
156	368	0
277	354	0
542	694	0
390	707	0
586	733	0
158	703	0
31	183	0
309	561	0
145	560	0
516	577	0
554	668	0
116	710	0
233	579	0
139	222	0
108	601	0
110	583	0
348	524	0
34	660	0
22	265	0
315	497	0
235	323	0
337	345	0
327	505	0
333	653	0
370	483	0
57	237	0
229	428	0
251	620	0
214	592	0
50	721	0
572	590	0
42	577	0
149	235	0
388	597	0
246	801	0
300	393	0
582	627	0
15	662	0
583	749	0
309	501	0
165	393	0
257	346	0
77	121	0
445	757	0
137	316	0
72	444	0
316	373	0
691	729	0
124	436	0
17	724	0
586	705	0
381	451	0
238	436	0
275	426	0
169	723	0
372	524	0
668	723	0
501	782	0
247	318	0
376	701	0
217	767	0
180	501	0
128	344	0
368	637	0
226	631	0
352	420	0
123	229	0
394	439	0
696	779	0
289	331	0
428	584	0
95	779	0
260	476	0
569	772	0
320	623	0
74	552	0
88	763	0
30	738	0
159	794	0
308	448	0
78	739	0
40	600	0
333	531	0
232	576	0
63	382	0
212	676	0
229	578	0
87	612	0
363	512	0
381	775	0
539	558	0
576	719	0
683	805	0
557	772	0
134	735	0
375	423	0
80	329	0
269	380	0
195	344	0
291	668	0
329	465	0
271	402	0
557	729	0
347	776	0
330	731	0
105	711	0
83	542	0
9	647	0
429	630	0
212	378	0
155	313	0
341	346	0
680	716	0
402	430	0
414	737	0
64	177	0
27	39	0
304	736	0
140	382	0
602	689	0
409	698	0
239	784	0
613	668	0
101	732	0
584	585	0
45	695	0
778	804	0
122	474	0
246	351	0
473	549	0
17	158	0
364	371	0
576	620	0
478	511	0
64	95	0
651	713	0
675	721	0
600	644	0
202	485	0
240	688	0
166	648	0
151	316	0
121	147	0
68	398	0
155	499	0
70	308	0
236	708	0
24	620	0
387	730	0
118	544	0
139	365	0
267	432	0
138	751	0
493	728	0
35	172	0
73	481	0
555	805	0
86	297	0
634	706	0
482	695	0
121	493	0
340	585	0
209	644	0
296	342	0
1	253	0
242	619	0
168	602	0
116	176	0
446	763	0
525	642	0
12	475	0
149	158	0
261	436	0
188	756	0
157	355	0
450	495	0
529	720	0
436	686	0
252	574	0
55	324	0
183	435	0
389	619	0
400	479	0
264	631	0
137	719	0
500	565	0
443	572	0
705	707	0
177	766	0
519	635	0
125	128	0
26	588	0
492	645	0
436	437	0
224	703	0
476	618	0
52	365	0
287	518	0
41	451	0
359	442	0
189	532	0
19	306	0
318	488	0
540	677	0
394	472	0
40	799	0
29	252	0
142	773	0
414	558	0
101	170	0
310	719	0
175	341	0
228	332	0
558	765	0
303	370	0
511	750	0
643	753	0
238	797	0
296	484	0
462	671	0
160	319	0
433	701	0
51	378	0
15	223	0
331	355	0
114	678	0
167	432	0
498	585	0
83	589	0
32	157	0
417	520	0
400	465	0
787	799	0
471	798	0
493	706	0
95	146	0
153	703	1
351	804	0
274	331	0
251	405	0
527	801	0
142	321	0
164	281	0
304	757	0
188	391	0
190	589	0
289	694	0
545	578	0
286	780	0
329	355	0
19	615	0
666	758	0
120	563	0
170	537	0
476	502	0
11	535	0
193	424	0
50	115	0
88	130	0
246	322	0
514	600	0
473	584	0
148	740	0
277	440	0
23	164	0
571	681	0
391	448	0
191	786	0
244	586	0
69	166	0
308	561	0
173	340	0
2	97	0
115	536	0
280	579	0
153	251	0
455	706	0
27	734	0
266	570	0
135	372	0
177	205	0
685	742	0
141	362	0
163	398	0
435	693	0
185	714	0
202	360	0
165	612	0
22	471	0
262	454	0
300	781	0
340	766	0
90	713	0
105	258	0
54	804	0
182	233	0
242	572	0
222	766	0
246	655	0
365	539	0
599	600	0
411	570	0
33	639	0
308	553	0
14	209	0
291	419	0
276	469	0
467	753	0
188	553	0
427	803	1
106	494	0
180	617	0
107	571	0
91	350	0
552	732	0
393	789	0
575	632	0
349	538	0
354	543	0
365	758	0
160	725	0
305	476	0
569	639	0
445	576	0
73	584	0
534	719	0
132	667	0
108	230	0
7	197	0
284	590	0
301	552	0
285	419	0
472	726	0
398	550	0
55	729	0
612	650	0
264	738	0
122	666	0
452	673	0
530	645	0
224	427	0
469	525	0
401	575	0
402	784	0
611	777	0
425	433	0
150	806	0
119	315	0
104	112	0
376	757	0
216	586	0
397	523	0
180	429	0
361	547	0
458	523	0
737	789	0
116	767	0
445	799	0
281	806	0
191	239	0
303	417	0
646	650	0
161	328	0
215	757	0
454	599	0
56	98	0
40	679	0
352	373	0
351	469	0
28	551	0
397	749	0
308	440	0
38	225	0
242	388	0
192	584	0
465	554	0
191	461	0
394	673	0
108	349	0
684	740	0
235	237	0
386	753	0
244	685	0
170	328	0
429	450	0
201	726	0
164	430	0
181	584	0
211	585	0
173	552	0
688	788	0
47	115	0
123	745	1
160	349	0
288	386	0
416	695	0
623	684	0
57	715	0
350	448	0
361	373	0
193	283	0
66	523	0
13	16	0
343	777	0
142	460	0
250	441	0
203	510	0
22	806	0
294	571	0
136	677	0
240	730	0
250	335	0
144	208	0
746	755	0
260	526	0
616	724	0
266	591	0
178	435	0
398	660	0
37	508	0
232	405	0
59	156	0
277	333	0
6	645	0
44	456	0
151	356	0
317	604	0
365	792	0
175	610	0
550	696	0
182	346	0
11	755	0
25	397	0
228	652	0
81	573	0
491	788	0
417	459	0
36	267	0
366	534	0
148	333	0
337	380	0
519	745	0
104	513	0
232	598	0
68	228	0
348	486	0
606	636	1
121	332	0
650	666	0
244	293	0
254	463	0
48	120	0
341	717	0
141	705	0
73	667	0
440	754	0
388	626	0
6	193	0
120	346	0
263	306	0
154	236	0
196	215	0
141	391	0
362	763	0
271	807	0
272	655	0
220	717	0
257	381	0
115	417	0
635	662	0
318	326	0
154	751	0
266	485	0
358	522	0
413	625	0
492	717	0
328	694	0
111	149	0
417	681	0
578	586	0
112	569	0
46	800	0
323	381	0
197	202	0
493	720	0
256	290	0
369	495	0
157	694	0
78	497	0
372	726	0
302	805	0
583	620	0
81	590	0
476	775	0
550	582	0
548	753	0
68	375	0
200	607	0
98	612	0
246	646	0
172	541	0
263	758	0
178	606	0
159	801	0
427	657	0
240	491	0
384	565	0
39	335	0
292	383	0
78	659	1
638	765	0
561	715	1
122	771	0
384	490	0
225	273	0
17	373	0
215	526	0
273	771	0
383	386	0
41	383	0
710	807	0
207	654	0
383	702	0
104	409	0
10	495	0
51	178	0
14	42	0
795	798	0
3	484	0
114	750	0
157	588	0
248	708	0
84	298	0
122	229	0
84	732	0
415	578	0
17	407	0
406	788	0
248	663	0
476	556	0
95	234	0
153	631	0
80	561	0
208	518	0
282	789	0
516	740	0
230	583	0
305	668	0
322	530	0
285	670	0
456	512	0
53	738	0
187	656	0
294	724	0
460	676	0
45	594	1
84	761	0
362	470	0
109	587	1
274	544	0
115	690	0
220	492	0
4	457	0
614	680	0
304	547	0
88	378	0
141	208	0
37	640	0
473	640	0
673	755	0
149	709	0
98	303	0
127	735	0
484	658	0
291	417	0
310	376	0
628	739	0
50	509	0
461	708	0
154	156	0
447	561	0
283	560	0
88	408	0
110	725	0
205	283	0
336	626	0
532	638	0
83	159	0
446	754	0
107	741	0
272	446	0
55	93	0
612	782	0
461	806	0
153	461	0
82	486	0
546	782	0
729	770	0
73	294	0
58	82	0
367	460	0
133	516	0
346	438	0
278	599	0
617	801	0
300	507	0
104	652	0
46	755	0
106	294	0
181	264	0
552	660	0
183	430	0
211	225	0
453	698	0
419	453	0
149	762	1
200	270	1
592	752	0
315	591	0
466	802	0
135	344	0
232	255	0
51	677	0
582	643	0
472	654	0
180	327	0
560	800	0
626	787	0
241	375	0
204	381	0
258	805	0
231	665	0
100	446	0
47	657	0
11	423	0
267	561	0
342	471	0
279	794	0
109	312	0
254	675	0
95	741	0
42	499	0
5	141	0
405	675	0
209	354	0
526	545	0
428	516	0
552	703	0
330	566	0
347	508	0
475	547	0
544	704	0
356	358	0
583	737	0
186	485	0
26	702	0
133	250	0
209	524	0
337	599	0
601	770	0
104	358	0
518	537	0
437	532	0
55	371	0
155	616	0
392	636	0
484	529	0
348	511	0
210	287	0
237	327	0
184	301	0
312	738	0
576	639	0
79	548	0
207	531	0
743	765	0
121	648	0
298	708	0
322	455	0
480	687	0
204	796	0
633	755	0
210	612	0
416	767	0
236	400	0
439	645	0
274	757	0
387	430	0
217	490	0
579	642	0
283	321	0
305	777	0
14	723	0
52	514	0
382	777	0
473	627	0
314	553	0
187	301	0
188	194	0
300	516	0
1	417	0
2	154	0
554	607	0
16	577	0
280	616	0
297	462	0
117	213	0
373	379	0
28	682	0
179	558	0
328	340	0
37	436	0
330	398	0
264	566	0
172	349	0
279	475	0
83	202	0
531	565	0
529	804	0
582	687	0
235	263	0
324	760	0
223	514	0
287	619	0
41	578	0
79	190	0
187	502	0
33	594	0
179	716	0
110	608	0
382	453	0
480	542	0
97	363	0
439	531	0
375	644	0
603	673	0
529	582	0
309	310	0
1	109	0
2	734	0
497	574	0
284	646	0
79	476	0
558	671	0
486	502	0
253	473	0
717	805	0
238	375	0
440	682	0
21	467	0
393	567	0
12	661	0
419	710	0
46	638	0
307	698	0
15	757	0
537	771	0
114	144	0
521	592	0
538	734	0
445	536	0
137	351	0
47	708	0
200	397	0
506	550	0
103	712	0
548	555	0
110	156	0
111	205	0
124	482	0
405	598	0
246	556	0
82	581	0
247	285	0
30	317	0
217	730	0
219	356	0
384	735	0
42	336	0
263	457	0
264	805	0
122	601	0
381	397	0
252	484	0
34	659	1
273	681	0
494	635	0
682	775	0
42	102	0
647	711	0
192	519	0
191	705	0
156	226	0
194	429	0
178	614	0
89	129	0
40	106	1
255	532	0
165	380	0
347	585	0
97	670	0
77	672	0
248	798	0
174	522	0
212	697	0
144	553	0
161	653	0
221	565	0
259	264	0
42	152	0
80	475	0
299	635	0
28	91	0
66	770	0
566	735	0
630	785	0
547	705	0
23	336	0
173	707	0
377	472	0
31	677	0
729	756	0
532	714	0
87	415	0
274	326	0
402	403	0
455	703	0
207	356	0
155	201	0
49	590	1
321	737	0
14	316	0
369	443	0
519	801	0
277	598	0
21	530	0
482	788	0
316	646	0
182	605	0
273	279	0
19	727	0
248	548	0
514	605	0
193	600	0
321	515	0
88	306	0
162	521	0
625	637	0
398	697	0
239	533	0
495	639	0
352	487	0
377	391	0
482	630	0
286	446	0
16	78	0
180	681	0
280	755	0
577	611	0
101	613	0
118	525	0
728	753	0
100	535	0
289	635	0
110	653	0
36	272	0
366	635	0
239	491	0
225	329	0
617	735	0
211	266	0
540	696	0
99	344	0
76	692	0
167	719	0
115	166	0
655	736	0
245	567	0
393	662	0
134	457	0
448	711	0
177	319	0
305	322	0
252	269	0
110	495	0
770	804	0
457	543	0
573	697	0
278	543	0
135	386	0
285	305	0
584	732	0
374	741	0
373	500	0
474	506	0
76	410	0
139	477	0
9	471	0
392	553	0
435	626	0
366	381	0
586	695	0
328	667	0
517	631	0
20	49	0
169	665	0
96	407	0
265	465	0
642	771	0
564	566	0
391	570	0
471	520	0
91	236	0
219	467	0
384	780	0
216	385	0
8	744	0
9	177	0
302	782	0
266	288	0
638	754	0
108	553	0
110	502	0
137	161	0
328	633	0
212	611	0
337	765	0
178	699	0
216	506	0
587	733	0
242	306	0
243	759	0
228	353	0
434	485	0
86	131	0
144	646	0
17	648	0
273	806	0
237	493	0
576	665	0
42	237	0
207	693	0
373	733	0
209	596	0
322	365	0
329	543	0
22	618	0
114	715	0
408	754	0
8	36	0
83	616	0
174	657	0
48	805	0
32	186	0
70	806	0
108	493	0
576	763	0
481	613	0
380	454	0
153	666	0
389	634	0
329	684	0
5	679	0
305	631	0
217	355	0
424	572	0
433	640	0
38	339	0
277	761	0
210	556	0
317	776	0
512	604	0
296	419	0
17	321	0
339	608	0
40	115	0
313	523	0
41	222	0
727	734	0
221	492	0
260	632	0
770	771	0
11	562	0
139	633	0
66	699	0
412	595	0
254	268	0
383	488	0
149	672	0
184	334	1
61	372	0
138	470	0
466	484	0
70	656	0
523	707	0
16	27	0
70	226	0
39	752	0
24	792	0
79	80	0
351	735	0
513	663	0
11	784	0
103	110	0
692	697	0
162	668	0
739	761	0
254	494	0
111	611	0
166	800	0
225	228	0
379	803	0
248	641	0
407	590	0
323	659	0
175	722	0
209	653	0
107	760	0
235	463	0
24	724	0
296	601	0
618	758	0
63	605	0
353	396	0
255	699	0
231	667	0
141	623	0
558	585	0
20	768	0
556	630	0
498	623	0
43	417	0
426	571	0
278	584	0
104	657	0
491	539	0
180	590	0
181	307	0
399	492	0
326	708	0
241	616	0
28	188	0
422	519	0
116	792	0
281	453	0
49	423	0
558	686	0
525	602	0
86	624	0
50	698	0
676	730	0
200	275	0
387	406	0
292	707	0
738	783	0
300	310	0
284	595	0
222	405	0
272	799	0
161	517	0
4	232	0
201	720	0
118	467	0
372	672	0
138	184	0
176	507	0
530	742	0
273	599	0
57	72	0
510	786	0
5	168	0
19	419	0
321	323	0
527	580	0
88	626	0
536	703	0
68	712	0
694	780	0
221	444	0
293	422	0
384	647	0
422	451	0
61	641	0
20	525	0
504	598	0
188	314	0
468	645	0
252	300	0
470	479	0
740	767	0
534	788	0
169	800	0
298	406	0
632	690	0
373	512	0
7	748	0
639	805	0
14	184	0
414	758	0
756	787	0
602	740	0
619	697	0
356	417	0
32	87	0
17	261	0
393	586	0
237	354	0
130	572	0
94	245	0
403	752	0
779	796	0
170	301	0
298	486	0
652	665	0
117	758	0
676	746	0
52	777	0
374	398	0
23	408	0
61	69	0
423	674	0
631	665	0
633	643	0
160	378	0
170	643	1
257	720	0
493	538	0
666	700	0
387	437	0
170	591	0
64	198	0
541	588	0
65	307	0
283	356	0
412	512	0
142	425	0
473	534	0
92	310	0
2	553	0
59	477	0
22	195	0
459	615	0
459	745	0
120	733	0
619	773	0
175	291	0
255	409	0
273	479	0
537	570	0
457	466	0
295	798	0
25	334	0
184	630	0
266	608	0
12	124	0
497	537	0
178	340	0
275	786	0
239	589	0
507	718	0
352	431	0
139	759	0
98	671	0
707	759	0
173	207	0
46	423	0
286	502	0
303	572	0
236	625	0
370	575	0
602	619	0
300	648	0
228	673	0
488	548	0
27	566	0
287	439	0
491	803	0
495	661	0
111	756	0
202	560	0
441	472	0
108	144	0
421	786	0
150	304	0
250	804	0
90	561	0
436	549	0
178	571	0
76	764	0
2	763	0
242	724	0
349	720	0
116	205	0
153	381	0
372	375	0
365	767	0
103	449	0
305	394	0
487	614	0
469	603	0
147	411	0
440	655	0
58	194	0
224	806	0
171	353	0
581	790	0
52	484	0
180	721	0
117	669	0
129	789	0
322	761	0
445	755	0
392	481	0
508	768	0
711	760	0
33	497	0
416	487	0
176	624	0
111	168	0
367	786	0
52	530	0
595	631	0
699	724	0
82	606	1
247	312	0
472	574	0
180	503	0
255	797	0
91	212	0
54	472	0
99	737	0
544	594	0
63	410	0
431	678	0
407	789	0
289	329	0
200	636	0
436	552	0
20	463	0
539	681	0
282	690	0
134	435	0
502	793	0
14	229	0
397	675	0
74	560	0
330	646	0
458	467	0
384	530	0
114	305	0
37	365	0
696	791	0
191	439	0
197	417	0
144	718	0
363	466	0
440	451	0
147	291	0
477	582	0
683	807	0
42	165	0
163	273	0
388	457	0
610	711	0
51	145	0
308	736	0
250	407	0
353	457	0
8	252	0
136	433	0
429	628	0
446	594	0
160	279	0
173	349	0
628	780	0
312	594	0
328	501	0
524	583	0
65	366	0
49	545	0
585	631	0
312	667	0
164	374	0
37	192	0
59	392	0
352	766	0
355	485	0
122	472	0
175	342	0
452	788	0
234	639	0
597	704	0
756	764	0
273	298	0
126	327	0
130	469	0
115	657	0
351	625	0
154	479	0
118	772	0
11	634	0
141	243	0
559	573	0
588	604	0
420	446	0
26	308	0
316	383	0
210	790	0
317	530	0
598	653	0
233	463	0
361	642	0
282	394	0
128	557	0
628	704	0
274	807	0
349	481	0
461	743	0
399	778	0
64	383	0
373	491	0
116	345	0
162	708	0
35	174	0
366	604	0
239	470	0
31	245	0
701	765	0
171	542	0
172	493	0
46	306	0
239	543	0
361	766	0
219	778	0
70	419	0
205	371	0
331	692	1
319	511	0
33	706	0
34	381	0
162	422	0
62	290	0
201	404	0
451	468	0
298	550	0
81	190	0
232	318	0
234	340	0
407	763	0
519	608	0
257	267	0
521	710	0
9	442	0
318	652	0
500	567	0
85	655	0
86	696	0
12	571	0
290	437	0
340	718	0
314	319	0
133	793	0
81	88	0
202	654	0
391	721	0
216	705	0
161	727	0
52	367	0
234	630	0
335	677	0
76	341	0
648	686	0
41	516	0
9	148	0
372	664	0
85	481	0
266	269	0
548	699	0
56	217	0
605	691	0
57	128	0
21	549	0
337	493	0
119	198	0
597	692	0
543	608	0
88	554	0
216	543	0
158	390	0
142	779	0
370	538	0
329	768	0
338	528	0
100	177	0
726	807	0
138	594	0
86	100	0
386	632	0
207	720	0
335	525	0
28	37	0
359	565	0
51	380	0
347	761	0
114	676	0
8	9	0
572	629	0
521	545	0
191	568	0
490	567	0
144	513	0
326	337	0
787	801	0
131	325	0
153	701	0
492	785	0
534	627	0
89	467	0
113	501	0
369	579	0
188	385	0
465	780	0
558	605	0
643	799	0
106	630	0
288	471	0
382	464	0
257	536	0
311	453	0
28	648	0
41	225	0
26	343	0
335	451	0
706	757	0
322	714	0
72	521	0
163	338	0
485	668	0
148	742	0
168	614	0
187	328	0
294	620	0
188	231	0
67	782	0
636	741	1
107	497	0
70	135	0
109	675	0
297	774	0
153	249	1
26	105	0
282	415	0
11	759	0
374	521	0
633	807	0
396	427	0
254	499	0
404	556	0
295	486	0
58	608	0
232	441	0
300	783	0
41	707	0
196	328	0
15	788	0
16	222	0
92	224	0
606	759	0
23	599	0
335	775	0
447	729	0
448	681	0
103	299	0
162	347	0
56	714	0
440	617	0
367	406	0
232	414	0
211	762	0
611	643	0
552	734	0
173	621	0
521	657	0
205	488	0
555	735	0
116	773	0
392	603	0
335	549	0
599	696	0
251	534	0
214	414	0
702	770	0
558	697	0
147	467	0
186	439	0
298	685	0
760	784	0
707	779	0
120	431	0
301	550	0
142	602	0
90	779	0
362	532	1
128	484	0
379	628	0
459	498	0
387	789	0
115	372	0
264	740	0
673	792	0
200	525	0
12	510	0
364	557	0
290	328	0
342	639	0
5	179	0
578	663	0
436	757	0
299	410	0
156	289	0
301	712	0
195	349	0
587	591	0
164	788	0
60	709	0
61	636	0
243	585	0
371	572	0
183	328	0
109	400	0
96	338	0
699	714	0
540	718	0
722	745	0
56	630	0
487	613	0
13	586	0
195	635	0
549	616	0
74	584	0
631	788	0
38	231	0
361	501	0
613	657	0
2	612	0
485	750	0
235	727	0
612	619	0
19	310	0
661	747	0
80	440	0
722	779	0
192	770	0
299	614	0
708	714	0
322	413	0
257	661	0
700	746	0
113	256	0
60	265	0
445	668	0
173	550	0
445	449	0
84	135	0
47	125	0
17	58	0
71	139	0
183	589	0
312	522	0
409	432	0
146	574	0
228	251	0
193	281	0
298	696	0
268	461	0
343	779	0
179	218	0
730	762	0
404	765	0
60	111	0
23	85	0
226	323	0
307	679	0
483	636	0
361	568	0
57	516	0
144	210	0
145	303	0
355	640	0
334	741	0
260	520	0
395	570	0
266	589	0
28	636	0
707	791	0
13	496	0
162	554	0
308	796	0
402	689	0
149	784	0
137	257	0
505	746	0
348	405	0
641	696	0
10	17	0
554	679	0
412	506	0
41	520	0
116	468	0
401	689	0
289	518	0
396	734	0
89	788	0
73	447	0
127	756	0
20	658	0
239	270	1
128	188	0
7	415	0
278	734	0
120	126	0
375	734	0
232	600	0
197	774	0
181	385	0
400	552	0
241	670	0
186	277	0
244	295	0
190	247	0
110	230	1
127	554	0
480	570	0
292	637	0
238	411	0
573	732	0
445	552	0
172	219	0
444	784	0
263	300	0
121	645	0
565	604	0
783	794	0
180	766	0
622	718	0
538	740	0
78	213	0
206	782	0
224	613	0
154	749	0
401	623	0
11	300	0
160	610	0
333	445	0
328	696	0
57	478	0
510	640	0
95	626	0
238	444	0
578	584	0
6	481	0
247	343	0
391	537	0
30	491	0
227	656	0
270	410	0
716	766	0
226	622	0
263	470	0
123	218	0
110	388	0
432	549	0
199	353	0
290	735	0
366	434	0
223	367	0
557	635	0
81	322	0
156	180	0
29	162	0
360	775	0
307	768	0
350	639	0
330	611	0
293	381	0
665	673	0
167	276	0
364	533	0
302	517	0
381	401	0
213	438	0
87	605	0
254	641	0
94	363	0
494	577	0
276	764	0
43	667	0
304	724	0
209	695	0
66	216	0
472	516	0
245	719	0
35	795	0
382	678	0
535	606	0
781	799	0
132	403	1
630	716	0
357	381	0
152	369	0
438	743	0
225	738	0
403	608	0
79	755	0
154	294	0
27	92	0
193	372	0
305	658	0
178	224	0
360	707	0
137	483	0
456	514	0
753	796	0
37	43	0
156	265	0
294	714	0
53	84	0
120	623	0
105	414	0
455	605	0
3	100	0
595	746	0
260	605	0
541	764	0
357	735	0
304	549	0
140	187	0
108	530	0
14	612	0
204	480	0
143	768	0
240	663	0
59	333	0
331	544	0
23	238	0
465	630	0
317	525	0
301	392	0
158	531	0
378	525	0
16	120	0
288	765	0
145	676	0
420	662	0
93	102	0
365	769	0
168	323	0
478	544	0
64	276	0
102	252	0
230	385	0
198	745	0
262	704	0
37	623	0
75	692	0
97	476	0
315	389	0
82	136	0
121	470	0
260	511	0
68	331	0
361	455	0
400	645	0
612	776	0
3	544	0
595	692	1
206	217	0
274	398	0
10	332	0
48	151	0
11	29	0
49	162	0
261	369	0
588	628	0
676	793	0
651	710	0
148	210	0
89	480	0
526	554	0
7	105	0
45	310	0
232	451	0
620	686	0
234	369	0
113	576	0
220	316	0
93	554	0
422	544	0
295	306	0
786	798	0
189	318	0
320	615	0
55	795	0
676	767	0
20	123	0
457	679	0
208	235	0
367	549	0
164	659	0
724	739	0
417	423	0
136	698	0
180	321	0
275	661	0
91	166	0
610	703	0
39	190	0
665	763	0
299	781	0
246	734	0
333	423	0
432	626	0
34	794	0
200	494	0
114	270	0
20	345	0
350	544	0
166	245	0
262	746	0
178	753	0
290	623	0
218	222	0
240	442	0
39	412	0
189	495	0
22	794	0
281	796	0
766	780	0
468	666	0
187	777	0
198	519	0
34	764	0
313	435	0
276	545	0
207	767	0
427	471	0
278	672	0
216	290	0
513	586	0
329	581	0
181	748	0
113	238	0
352	802	0
167	393	0
481	642	0
373	750	0
338	781	0
504	733	0
393	468	0
325	529	0
130	513	0
238	614	0
79	550	0
5	335	0
304	788	0
281	502	0
359	758	0
450	526	0
382	557	0
308	656	0
75	135	0
203	330	0
75	441	0
459	804	0
278	376	0
325	651	0
286	791	0
287	506	0
288	460	0
507	560	0
589	751	0
599	804	0
619	737	0
380	490	0
499	576	0
616	624	0
329	584	0
321	692	0
359	468	0
686	724	0
112	287	0
274	443	0
317	476	0
47	267	0
250	389	0
32	560	0
219	766	0
645	674	0
280	618	0
297	460	0
5	771	0
373	377	0
232	505	0
88	455	0
163	407	0
550	737	0
239	608	0
314	777	0
262	473	0
436	517	0
399	656	0
590	701	0
77	507	0
25	555	0
280	776	0
483	771	0
101	464	0
27	533	0
124	535	0
533	803	0
291	392	0
383	534	0
423	565	0
611	755	0
440	621	0
485	801	0
45	137	0
211	737	0
512	738	0
271	635	0
752	787	0
387	778	0
392	672	0
319	335	0
164	414	0
237	562	0
312	503	0
42	544	0
59	642	0
43	377	0
225	638	0
649	807	0
652	670	0
449	546	0
232	334	0
287	626	0
355	727	0
114	142	0
243	334	0
704	716	0
9	266	0
11	372	0
125	782	0
253	313	0
328	752	0
419	667	0
424	783	0
149	494	0
365	486	0
81	488	0
209	307	0
686	703	0
652	699	0
211	797	0
307	602	0
733	736	0
161	545	0
384	721	0
422	441	0
773	783	0
243	620	0
25	673	0
698	709	0
467	800	0
213	268	0
394	598	0
432	749	0
548	779	0
471	580	0
20	492	0
367	535	0
373	598	0
66	126	0
179	261	0
587	640	0
90	360	0
255	534	0
791	805	0
610	611	0
38	248	0
504	630	0
77	606	0
248	800	0
174	520	0
356	491	0
23	415	0
32	33	0
140	444	0
109	205	0
476	546	0
683	770	0
441	627	0
170	339	0
209	767	0
28	85	0
194	333	0
433	515	0
450	739	0
126	656	0
205	687	0
277	714	0
483	561	0
148	523	0
39	631	0
126	300	0
71	148	0
339	681	0
47	88	0
255	459	0
514	671	0
342	556	0
326	481	0
117	267	0
311	599	0
386	778	0
170	629	0
384	547	0
247	609	0
50	415	0
415	721	0
307	308	0
53	728	0
583	670	0
59	407	0
459	593	0
408	593	0
460	750	0
120	679	0
545	560	0
196	516	0
18	720	0
2	205	0
184	664	0
115	620	0
297	415	0
502	804	0
64	446	0
102	346	0
366	730	0
50	193	0
306	343	0
269	801	0
155	217	0
473	766	0
239	535	0
420	467	0
494	782	0
30	316	0
482	628	0
46	109	0
323	552	0
106	184	0
694	695	0
379	552	0
71	746	0
406	508	0
168	283	0
206	375	0
474	612	0
10	546	0
102	132	0
289	633	0
291	471	0
276	353	0
59	83	0
611	670	0
98	567	0
262	340	0
232	637	0
250	746	0
551	726	0
231	361	0
123	800	0
521	775	0
3	632	0
223	578	0
392	717	0
567	755	0
609	643	0
231	710	0
215	221	0
294	358	0
225	553	0
278	541	0
444	781	0
680	781	0
232	283	0
450	462	0
620	758	0
345	732	0
287	705	0
76	404	0
348	651	0
210	715	0
15	374	0
338	404	0
108	773	0
404	661	0
685	703	0
6	65	0
51	671	0
472	584	0
159	552	0
74	772	0
505	509	0
220	522	0
226	587	0
8	746	0
426	770	0
40	49	1
638	752	0
108	555	0
163	698	0
391	505	0
20	273	0
96	759	0
6	292	0
155	762	0
499	756	0
420	718	0
76	88	0
39	420	0
383	484	0
99	393	0
317	322	0
137	164	0
431	462	0
62	742	0
200	772	0
476	805	0
21	794	0
665	788	0
133	304	0
551	743	0
6	767	0
88	805	0
636	735	0
624	695	0
127	460	0
535	565	0
60	411	0
188	320	0
385	783	0
99	103	0
386	398	0
688	696	0
446	664	0
748	776	0
415	619	0
326	434	0
237	269	0
19	422	0
102	340	0
97	254	0
153	664	0
170	710	0
49	344	0
49	543	0
305	629	0
322	525	0
52	678	0
201	676	0
218	714	0
451	604	0
203	274	0
187	649	0
204	553	0
45	619	0
106	619	0
452	627	0
415	649	0
622	627	0
182	652	0
257	635	0
40	117	0
115	731	0
593	799	0
154	485	0
591	667	0
230	696	0
66	697	0
527	548	0
35	442	0
608	616	0
398	649	0
148	763	0
314	751	0
187	343	0
81	680	0
301	419	0
32	632	0
469	669	0
109	646	0
40	403	1
3	297	0
116	422	0
387	646	0
117	139	0
101	566	0
323	563	0
126	219	0
254	492	0
112	517	0
628	737	0
337	480	0
136	789	0
121	313	0
84	683	0
340	541	0
482	518	0
589	690	0
332	733	0
296	603	0
331	701	0
138	354	0
49	133	0
12	271	0
68	467	0
56	743	0
577	677	0
440	518	0
202	621	0
388	750	0
119	724	0
194	525	0
157	439	0
285	354	0
35	167	0
159	345	1
128	163	0
129	158	0
2	644	0
54	666	0
447	466	0
12	621	0
305	509	0
146	571	0
312	431	0
20	542	0
298	654	0
709	783	0
135	369	0
428	509	0
565	716	0
68	788	0
234	572	0
197	712	0
38	580	0
241	328	0
114	214	0
521	622	0
102	157	0
206	702	0
445	606	0
444	752	0
431	543	0
413	606	0
56	803	0
490	775	0
96	548	0
315	770	0
134	314	0
262	783	0
263	610	0
178	714	0
300	353	0
15	461	0
547	605	0
38	806	0
493	577	0
422	449	0
61	671	0
333	666	0
25	665	0
100	251	0
339	352	0
584	680	0
638	639	0
363	603	0
68	354	0
385	495	0
699	745	1
177	235	0
192	577	0
155	375	0
66	166	0
179	381	0
15	227	0
164	751	0
293	461	0
406	548	0
338	806	0
191	482	0
485	769	0
87	717	0
290	785	0
367	779	0
386	720	0
518	649	0
334	778	0
5	362	0
373	800	0
215	424	0
356	480	0
285	746	0
35	747	0
16	802	0
53	638	0
535	718	0
431	771	0
331	372	0
399	545	0
664	778	0
257	726	0
40	194	0
666	698	0
524	556	0
112	699	0
139	534	0
156	744	0
140	293	0
268	498	0
441	475	0
22	193	0
344	660	0
366	575	0
301	374	0
122	309	0
250	366	0
171	590	0
379	652	0
644	740	0
115	548	0
26	63	0
527	681	0
75	550	0
224	252	0
436	637	0
98	669	0
82	246	0
135	768	0
157	712	0
488	545	0
31	179	0
426	618	0
117	427	0
182	293	0
512	514	0
188	541	0
41	619	0
297	753	0
63	738	0
12	348	0
654	727	0
269	587	0
73	346	0
291	495	0
366	561	0
148	364	0
276	281	0
336	516	0
44	205	0
119	779	0
444	727	0
62	565	0
232	437	0
31	465	0
90	575	0
765	804	0
1	3	0
400	533	0
2	761	0
258	623	0
244	260	0
154	556	0
48	103	0
112	778	0
12	386	0
305	392	0
34	198	0
312	476	0
275	720	0
572	586	0
150	757	0
295	417	0
388	593	0
210	263	0
133	518	0
232	339	0
180	723	0
220	684	0
140	693	0
137	288	0
102	648	0
86	781	0
12	736	0
4	528	0
21	670	0
596	790	0
389	474	0
525	752	0
159	736	0
128	348	0
443	457	0
226	627	0
189	637	0
371	582	0
231	531	0
78	555	0
485	498	0
124	150	0
125	587	0
109	454	0
401	405	0
57	219	0
587	789	0
726	762	0
168	694	0
463	755	0
320	611	0
501	752	0
587	743	0
15	86	0
261	391	0
240	266	0
528	598	0
443	492	0
189	351	0
63	783	0
319	716	0
187	351	0
87	608	0
380	494	0
365	382	0
141	770	0
296	411	0
494	610	0
367	720	0
21	513	0
464	593	0
423	509	0
359	608	0
142	254	0
150	543	0
436	479	0
113	382	0
97	593	0
98	138	0
523	769	0
212	390	0
2	452	0
404	468	0
335	376	0
118	120	0
433	448	0
307	475	0
143	577	0
37	206	0
442	638	0
294	759	0
61	216	0
609	669	0
62	531	0
100	674	0
47	421	0
250	275	0
145	357	0
273	296	0
41	788	0
118	794	0
357	754	0
357	404	0
156	611	0
395	797	0
497	590	0
141	241	0
89	512	0
58	561	0
240	692	0
187	415	0
390	528	0
46	86	0
281	618	0
175	438	0
69	95	0
270	565	0
220	221	0
130	245	0
197	763	0
149	349	0
245	318	0
282	296	0
432	501	0
703	794	0
162	706	0
366	610	0
701	763	0
45	119	0
587	798	0
119	451	0
286	355	0
414	436	0
70	458	0
326	608	0
24	270	0
434	597	0
137	529	0
64	543	0
436	770	0
33	704	0
8	612	0
215	312	0
396	630	0
506	516	0
275	639	0
59	788	0
81	188	0
7	76	0
120	294	0
46	530	0
30	247	0
430	685	0
159	273	0
453	756	0
203	737	0
129	198	0
78	227	0
765	774	0
594	679	0
105	340	0
609	727	0
132	562	0
315	620	0
134	224	0
502	558	0
564	605	0
391	723	0
30	401	0
217	686	0
197	640	0
256	382	0
189	528	0
229	245	0
367	590	0
407	466	0
67	230	0
354	688	0
354	689	0
273	541	0
200	523	0
418	478	0
540	629	0
81	376	0
134	258	0
262	727	0
66	460	0
142	724	0
30	691	0
513	651	0
398	439	0
60	658	0
61	711	0
63	265	0
302	723	0
160	248	0
108	742	0
643	757	0
146	455	0
311	771	0
81	483	0
323	343	0
428	777	0
51	382	0
640	673	0
329	608	0
321	412	0
97	524	0
242	495	0
227	385	0
523	732	0
174	632	0
191	570	0
138	690	0
251	263	1
17	451	0
238	515	0
518	593	0
298	444	0
652	675	0
209	783	0
322	550	0
30	783	0
14	400	0
574	668	0
58	768	0
47	601	0
23	450	0
135	644	0
136	318	0
9	560	0
191	792	0
106	628	0
490	727	0
416	542	0
93	282	0
335	461	0
552	653	0
304	543	0
458	751	0
531	804	0
126	450	0
328	405	0
294	610	0
23	160	0
136	540	0
196	660	0
87	718	0
288	695	0
219	733	0
92	325	0
3	204	0
109	590	0
478	622	0
357	615	0
33	785	0
87	263	0
343	564	0
179	527	0
201	203	0
467	807	0
97	426	0
329	587	0
279	504	0
196	330	0
325	362	0
272	362	0
353	563	0
310	470	0
79	159	0
64	716	0
138	335	0
209	410	0
103	293	0
396	651	0
630	663	0
611	750	0
426	578	0
444	671	0
29	743	0
316	619	0
512	719	0
626	719	0
626	741	1
54	90	0
422	542	0
295	356	0
463	756	0
682	782	0
635	783	0
86	619	0
200	250	0
517	739	0
713	794	0
21	500	0
224	736	0
6	104	0
300	333	0
15	714	0
220	660	0
39	240	0
422	760	0
206	675	0
100	482	0
63	254	0
47	741	0
534	792	0
363	576	0
109	364	0
401	563	0
534	557	0
96	537	0
212	593	0
246	527	0
262	800	0
194	234	0
397	519	0
164	790	0
420	537	0
114	405	0
422	474	0
206	637	0
63	476	0
434	503	0
319	806	0
394	587	0
267	715	0
17	764	0
125	627	0
454	587	0
169	799	0
632	665	0
167	316	0
262	578	0
66	67	0
375	463	0
13	584	0
117	625	0
14	163	0
472	790	0
604	711	0
181	690	0
347	598	0
610	636	0
242	384	0
226	797	0
23	494	0
523	619	0
504	679	0
302	606	0
409	759	0
576	692	0
198	441	0
56	324	0
19	312	0
648	769	0
386	717	0
593	739	0
207	551	0
192	772	0
246	459	0
50	350	0
322	411	0
35	718	0
397	459	0
382	539	0
329	493	0
667	700	0
277	661	0
114	601	0
636	698	1
507	522	0
537	769	0
64	253	0
65	340	0
283	413	0
670	795	0
88	243	0
253	647	0
89	350	0
456	631	0
37	134	0
371	451	0
187	761	0
294	575	0
151	386	0
210	698	0
265	779	0
69	245	0
131	471	0
236	362	0
718	738	0
19	756	0
115	587	0
470	606	0
297	506	0
677	749	0
374	760	0
124	779	0
50	226	0
396	506	0
163	449	0
494	694	0
388	462	0
221	526	0
68	450	0
286	409	0
134	734	0
128	535	0
92	472	0
403	705	0
116	470	0
231	775	0
289	516	0
586	636	0
519	714	0
130	552	0
336	537	0
559	581	0
375	728	0
502	738	0
524	534	0
346	462	0
92	254	0
504	766	0
443	531	0
74	279	0
305	355	0
72	114	0
312	449	0
451	520	0
311	710	1
353	639	0
338	711	0
564	759	0
211	521	0
655	728	0
620	731	0
270	638	0
76	441	0
332	787	0
725	804	0
462	698	0
10	27	0
244	667	0
396	796	0
271	510	1
402	737	0
111	145	0
498	695	0
221	703	0
81	422	0
51	762	0
91	205	0
113	789	0
204	420	0
8	647	0
25	751	0
657	750	0
87	377	0
364	674	0
381	540	0
359	617	0
80	233	0
507	599	0
337	734	0
263	754	1
536	586	0
30	651	1
143	424	0
293	379	0
726	791	1
39	331	0
167	278	0
313	727	0
99	420	0
122	783	0
484	746	0
6	143	1
17	361	0
289	396	0
660	757	0
69	507	0
207	650	0
192	753	0
246	420	0
230	793	0
282	782	0
179	493	0
593	718	0
36	546	0
91	649	0
622	745	0
381	530	0
558	683	0
481	725	0
8	195	0
173	759	0
523	740	0
17	395	0
109	805	0
257	676	0
311	617	0
94	139	0
412	669	0
259	466	0
476	531	0
553	622	0
304	761	0
136	285	0
717	747	0
490	685	0
450	620	0
164	349	0
166	391	0
369	521	0
136	758	0
504	784	0
47	384	0
31	527	0
287	401	0
568	729	0
182	617	0
93	322	0
499	535	0
615	765	1
156	536	0
417	792	0
14	618	0
143	770	0
314	640	0
331	546	0
6	714	0
316	342	0
173	187	0
301	390	0
598	612	0
303	584	0
255	394	0
70	205	0
361	442	0
80	725	0
93	100	0
24	533	0
116	443	0
432	458	0
344	518	0
186	314	0
519	665	0
97	466	0
44	319	0
427	577	0
482	684	0
121	468	0
180	783	0
70	495	0
219	803	0
607	668	0
242	576	0
10	330	0
319	452	0
596	727	0
305	318	0
14	744	0
201	509	0
275	610	0
573	653	0
261	603	0
188	749	0
135	438	0
680	772	0
46	759	0
480	598	0
234	383	0
107	519	0
181	276	0
286	674	0
241	521	0
183	426	0
112	198	0
258	543	0
359	472	0
635	729	0
137	726	0
335	543	0
356	546	0
410	706	0
177	725	0
253	418	0
200	306	0
312	332	0
185	194	0
132	607	0
49	720	0
7	777	0
263	419	1
383	543	0
90	193	0
452	488	0
39	184	0
665	761	0
258	801	0
13	117	0
280	281	0
190	316	0
40	72	0
690	796	0
432	628	0
684	785	0
660	745	0
509	634	0
20	347	0
421	757	0
96	705	0
681	773	0
209	358	0
526	549	0
543	649	0
51	583	0
323	490	0
218	220	0
55	803	0
37	383	0
8	306	0
9	95	0
302	692	0
362	370	0
235	627	0
363	582	0
713	807	0
643	664	1
519	800	0
276	547	0
117	635	0
133	230	0
639	730	0
66	740	0
98	383	0
604	655	0
143	317	0
346	683	0
368	431	0
62	167	0
191	513	0
577	758	0
236	238	0
274	463	0
147	679	0
41	488	0
424	480	0
153	678	0
5	333	0
133	408	0
633	716	0
653	721	0
1	419	0
14	437	0
142	366	0
36	725	0
571	741	0
292	319	0
38	271	0
61	388	0
575	764	0
245	423	0
554	593	0
31	594	0
141	273	0
415	691	0
622	697	0
404	536	0
93	309	0
666	671	0
277	278	0
722	770	0
65	284	0
139	565	0
321	650	0
361	538	0
456	655	0
202	415	0
59	506	0
117	215	0
512	796	0
70	158	0
236	690	0
199	574	0
439	463	0
371	429	0
425	517	0
10	701	0
230	464	0
412	773	0
254	474	0
31	795	0
520	598	0
227	798	0
157	683	0
174	251	0
175	550	0
90	766	0
552	638	0
497	720	0
166	705	1
101	478	0
712	781	0
34	265	0
396	736	0
179	720	0
36	335	0
440	592	0
112	733	0
367	383	0
663	674	0
225	402	0
120	184	0
449	774	0
414	452	0
107	594	0
76	739	0
783	791	0
525	526	0
150	255	0
145	615	0
110	326	0
402	519	0
366	659	0
106	142	0
59	644	0
148	450	0
119	524	0
300	362	0
466	638	0
565	658	0
287	636	0
482	711	0
54	153	1
204	270	0
24	92	0
97	430	0
742	778	0
102	693	0
506	546	0
177	578	0
435	736	0
12	244	0
163	563	0
366	692	0
95	692	0
578	654	0
502	606	0
216	627	0
158	378	0
159	711	0
351	499	0
54	443	0
370	523	0
422	447	0
406	784	0
78	557	0
544	625	0
228	506	0
467	802	0
584	658	0
56	75	0
40	688	0
682	771	0
20	494	0
403	478	0
132	224	0
351	508	1
632	638	0
373	596	0
337	550	0
30	707	0
269	441	0
513	571	0
22	723	0
39	275	0
77	604	0
410	430	0
8	445	0
482	492	0
249	463	1
728	733	0
32	35	0
86	234	0
252	710	0
109	203	0
660	685	0
387	616	0
131	313	0
259	268	0
42	132	0
43	741	0
28	87	0
215	401	0
371	581	0
444	527	0
410	732	0
35	725	0
142	219	0
201	573	0
143	646	0
181	639	0
519	738	0
97	636	1
658	667	0
151	155	0
62	466	0
212	411	0
235	778	0
622	746	0
553	621	0
358	461	0
438	685	0
312	625	0
155	205	0
193	306	0
231	350	0
322	598	0
89	321	0
398	611	0
224	488	0
60	70	0
481	511	0
196	518	0
70	107	0
54	620	0
168	255	0
427	737	0
27	804	0
309	779	0
675	752	0
141	276	0
254	359	0
420	477	0
346	502	0
151	351	0
317	563	0
376	497	0
32	717	0
54	654	1
182	371	0
741	801	0
12	150	0
289	639	0
253	806	0
73	384	0
382	410	0
239	503	1
21	160	0
128	402	0
150	268	0
208	507	0
340	618	0
401	409	0
392	719	0
119	719	0
93	678	0
563	594	0
72	87	0
302	486	0
393	671	0
21	386	0
225	559	0
7	179	0
43	401	0
399	426	0
16	526	0
551	566	0
18	737	0
220	742	0
257	276	0
78	252	0
500	534	0
257	389	0
103	667	0
531	570	0
554	790	0
146	612	0
396	534	0
169	669	0
96	427	0
573	663	0
578	611	0
6	504	0
119	385	0
66	271	0
195	433	0
324	747	0
241	307	0
151	650	0
430	647	0
372	767	0
174	275	0
425	602	0
215	771	0
364	703	0
418	483	0
185	468	0
599	667	0
349	530	0
171	217	0
502	725	0
53	213	0
293	326	0
620	662	0
58	62	0
363	526	0
380	416	0
42	603	0
576	669	0
349	589	0
388	509	0
65	152	0
391	781	0
453	521	0
179	400	0
164	580	0
535	567	0
293	440	0
97	559	0
39	644	0
83	620	0
688	698	0
249	340	0
106	695	0
457	718	0
270	614	0
17	430	0
312	670	0
65	442	0
230	604	0
433	446	0
113	406	0
277	517	0
44	784	0
210	552	0
227	666	0
264	400	0
545	609	0
31	554	0
197	318	0
92	516	0
109	610	0
184	711	0
197	553	0
78	514	0
637	754	0
393	548	0
703	756	0
13	412	0
35	444	0
435	502	0
421	695	1
45	779	0
175	504	0
32	634	0
70	230	0
473	490	0
109	644	0
205	581	0
141	393	0
361	645	0
110	706	0
36	161	0
315	562	0
75	653	0
353	803	0
609	732	0
83	134	0
121	319	0
175	734	0
309	584	0
1	143	0
42	695	0
549	676	0
131	540	0
564	619	0
297	804	0
673	765	1
230	250	0
240	422	0
50	596	0
380	691	0
396	680	0
146	791	0
58	443	0
223	775	0
455	592	0
353	525	0
82	453	1
104	661	0
466	804	0
285	352	0
31	396	0
324	410	0
489	747	0
552	701	0
446	794	0
220	347	0
2	642	0
702	755	0
577	798	0
483	571	0
335	570	0
251	567	0
12	623	0
305	499	0
146	569	0
73	623	0
57	370	0
292	719	0
149	322	0
171	406	0
135	371	0
67	73	0
16	761	0
76	265	0
204	342	0
422	741	1
354	679	0
100	391	0
401	604	0
266	369	0
391	563	0
531	711	0
328	522	0
156	256	0
13	649	0
397	554	0
424	779	0
330	543	0
310	537	0
61	669	0
280	476	0
725	758	0
228	434	0
85	279	0
485	557	0
33	164	0
161	367	0
15	473	0
18	176	0
381	652	0
568	637	0
259	678	0
96	772	0
282	717	0
29	336	0
639	801	0
105	730	0
179	383	0
308	409	0
695	799	0
240	383	0
47	683	0
22	667	0
39	731	0
242	421	1
522	535	0
226	580	0
327	652	0
514	803	0
161	585	0
515	518	0
553	735	0
237	350	0
221	633	0
312	715	0
131	369	0
518	655	0
134	644	1
247	773	0
89	415	0
159	729	0
47	598	0
331	374	0
39	569	0
227	297	0
226	609	0
212	467	0
381	601	0
123	648	0
674	760	0
469	492	0
342	618	0
348	531	0
311	409	0
280	441	0
408	680	0
581	747	0
457	800	0
594	730	0
14	760	0
382	790	0
331	596	0
135	604	0
301	372	0
122	307	0
175	303	0
32	298	0
309	793	0
770	797	0
18	534	0
115	550	0
116	277	0
334	708	0
260	751	0
64	504	0
28	579	0
50	135	0
141	348	0
651	689	0
239	585	0
277	364	0
6	602	0
444	499	0
173	203	0
232	665	0
323	738	0
196	380	0
378	635	0
508	753	0
71	684	0
75	332	0
130	158	0
3	404	0
530	686	0
334	486	0
547	608	0
141	400	0
49	86	0
125	291	0
269	585	0
201	275	0
621	643	0
202	572	0
22	259	0
426	648	0
31	467	0
309	733	0
77	273	0
462	501	0
525	745	1
251	610	1
517	681	0
21	442	0
467	742	0
595	797	0
564	724	0
581	786	0
565	701	0
423	805	0
38	535	0
165	392	0
373	586	1
245	781	0
85	600	0
431	588	0
214	308	0
363	585	0
95	595	0
42	365	0
377	527	0
441	688	0
389	472	0
615	749	0
68	665	0
307	579	0
270	373	0
143	233	0
368	627	0
310	586	0
151	690	0
243	405	0
544	598	0
228	455	0
124	144	0
56	176	0
370	494	0
21	638	0
557	604	0
192	560	0
299	372	0
284	448	0
195	679	0
434	469	0
632	706	0
256	545	0
475	599	0
77	695	0
243	691	0
191	435	0
468	788	0
252	675	0
215	553	0
553	682	0
56	398	0
221	556	0
94	330	0
299	530	0
375	422	0
26	660	0
344	393	0
143	685	0
347	782	0
60	349	0
8	224	0
687	800	0
264	330	0
69	537	0
288	336	0
373	558	0
515	755	0
183	513	0
289	415	0
153	598	0
441	545	0
686	700	0
72	642	0
142	286	0
143	579	0
652	797	0
38	50	0
392	426	0
429	746	0
576	757	0
17	144	0
87	521	0
378	608	0
537	617	0
41	794	0
169	365	0
386	450	0
102	445	0
230	326	0
156	637	0
182	374	0
74	210	0
37	302	0
240	694	0
445	704	0
290	493	0
83	96	0
340	369	0
373	700	0
71	515	0
370	716	0
461	739	0
636	777	0
102	159	0
450	573	0
461	534	0
383	642	0
21	139	0
520	550	0
84	749	0
70	739	0
175	662	0
90	622	0
219	782	0
397	401	0
241	714	0
429	714	0
4	40	0
153	428	0
281	359	0
245	606	0
393	637	0
53	479	0
124	641	0
305	345	0
215	314	0
343	481	0
436	457	0
322	442	0
96	162	0
274	476	0
6	243	0
188	754	0
82	397	1
211	595	0
447	495	0
91	505	0
54	239	0
220	259	0
439	547	0
354	781	0
100	377	0
483	627	0
154	689	0
592	773	0
410	807	0
253	325	0
401	708	0
312	361	0
419	527	0
59	756	0
668	670	0
227	452	0
376	624	0
582	736	0
217	684	0
489	695	0
107	768	0
91	135	0
497	506	0
333	382	0
25	565	0
190	217	0
318	402	0
394	450	0
638	731	0
170	742	0
290	659	0
73	769	0
111	313	0
81	382	0
134	256	0
51	418	0
187	543	0
240	473	0
347	479	0
310	705	1
494	649	0
78	605	0
544	737	0
137	141	0
212	599	0
32	437	0
70	541	0
289	474	0
19	177	0
131	427	1
170	463	1
463	582	0
320	496	0
28	33	0
432	446	0
490	603	0
127	469	0
164	545	0
97	514	0
151	805	0
189	210	0
227	387	0
249	447	0
748	807	0
251	281	0
151	215	0
184	462	0
576	592	0
773	794	0
5	672	0
43	629	0
209	781	0
482	638	0
231	456	0
285	720	0
35	677	0
100	557	0
421	432	0
369	583	0
313	790	0
210	581	0
474	620	0
212	487	0
567	643	0
3	16	0
334	610	1
80	653	0
605	619	0
49	722	0
35	387	0
698	705	0
164	229	0
112	318	0
59	281	0
204	742	0
390	611	0
143	627	0
54	540	0
450	802	0
297	557	0
101	543	0
374	525	0
455	719	0
343	566	0
355	466	0
383	721	0
59	231	0
532	803	0
300	779	0
623	741	0
361	592	0
589	651	0
516	519	0
205	642	0
101	497	0
379	755	0
125	491	0
141	582	0
427	756	0
113	780	0
223	802	0
82	478	0
45	234	0
92	519	0
512	705	0
419	752	0
1	76	0
76	512	0
93	766	0
242	792	0
88	220	0
441	716	0
281	492	0
114	748	0
251	554	0
136	648	0
237	531	0
187	765	0
132	641	0
300	335	0
382	770	0
391	672	0
472	732	0
55	727	0
369	372	0
24	185	0
354	640	0
116	551	0
48	271	1
251	776	1
214	380	0
696	747	0
364	553	0
89	744	0
467	783	0
277	414	0
21	724	0
5	191	0
459	535	0
781	782	0
194	232	0
67	138	0
30	258	0
397	603	0
54	388	0
256	459	0
25	642	0
65	650	0
212	516	0
468	622	0
199	270	0
344	784	0
19	92	0
57	785	0
111	450	0
424	524	0
556	717	0
260	402	0
192	632	0
246	303	0
435	507	0
321	554	0
14	161	0
604	705	0
74	628	0
181	688	0
347	680	0
8	90	0
482	497	0
212	730	0
86	247	0
349	568	0
570	704	0
19	314	0
222	471	0
4	46	0
562	624	0
775	802	0
360	604	0
53	615	0
181	594	0
576	718	0
277	659	0
39	532	0
188	306	0
227	268	0
417	718	0
490	678	0
18	785	0
311	436	0
466	479	0
79	648	0
606	802	0
389	758	0
283	415	0
140	316	0
456	633	0
398	636	0
442	564	0
135	635	0
718	764	0
46	178	0
122	284	0
451	702	0
16	385	0
309	772	0
421	634	0
608	732	0
27	771	0
139	461	0
486	570	0
13	492	0
14	575	0
202	295	0
150	207	0
61	480	0
135	793	0
174	193	0
233	395	0
32	746	0
16	175	0
469	779	0
400	782	0
102	305	0
206	342	0
101	388	0
193	715	0
102	167	0
450	774	0
125	286	0
408	412	0
202	537	0
44	152	0
44	228	0
119	800	0
120	130	0
121	431	0
197	770	0
24	610	0
2	784	0
77	364	0
258	646	0
79	482	0
509	778	0
251	601	0
12	409	0
491	723	0
237	614	0
682	757	0
275	697	0
457	574	0
149	208	0
443	511	0
67	443	0
450	465	0
483	533	0
15	699	0
474	475	0
203	683	0
55	650	0
538	736	0
78	217	0
179	615	0
635	684	0
193	641	0
11	288	0
251	679	0
599	622	0
401	652	0
440	470	0
42	374	0
172	327	0
6	485	0
156	402	0
68	678	0
345	479	0
151	681	0
8	649	0
9	208	0
372	732	0
654	786	0
394	410	0
182	311	0
548	767	0
454	538	0
56	149	0
517	776	0
111	369	0
223	363	0
80	235	0
178	600	0
30	649	0
484	703	0
74	537	0
192	482	0
240	481	0
447	618	0
137	197	0
484	660	0
303	304	0
485	701	0
161	735	0
237	460	0
222	288	0
582	683	0
117	534	0
118	369	0
65	123	0
28	105	0
201	619	0
271	391	0
205	649	0
60	442	0
498	651	0
227	475	0
356	573	0
514	723	0
257	698	0
238	569	0
207	426	0
562	743	0
322	620	0
307	448	0
36	770	0
218	685	0
97	788	0
406	500	0
173	407	0
709	741	0
122	449	0
31	521	0
69	326	0
44	230	0
175	685	0
64	74	0
549	778	0
148	370	0
304	473	0
472	554	0
140	183	0
73	236	0
202	456	0
314	654	0
678	764	0
81	649	0
671	718	0
233	470	0
286	616	0
213	712	0
568	569	0
54	708	0
145	664	0
537	686	0
24	535	0
55	395	0
154	230	0
622	724	0
520	617	0
28	755	0
12	200	0
210	215	0
468	743	0
404	655	0
315	409	0
172	262	0
135	146	0
789	802	0
67	744	0
429	497	0
175	765	0
180	777	0
400	761	0
77	447	0
295	456	0
466	615	0
230	231	0
358	424	0
50	633	0
101	345	0
162	415	0
201	483	0
275	612	0
646	693	0
285	359	0
479	652	0
6	788	0
278	617	0
46	757	0
453	625	0
159	318	0
375	726	0
271	656	0
552	666	0
55	377	0
702	748	0
205	428	0
401	569	0
355	515	0
409	671	0
177	715	0
676	763	0
73	522	0
72	81	0
609	712	0
59	747	0
91	351	0
7	779	0
301	618	0
216	746	0
68	779	0
270	459	0
203	548	0
55	543	0
204	379	0
667	711	0
439	764	0
25	600	0
682	762	0
304	501	0
200	530	0
350	548	0
24	404	0
43	76	0
155	566	0
156	357	0
428	514	0
522	552	0
323	492	0
694	749	0
525	688	0
511	627	0
256	435	0
77	805	0
137	144	0
372	428	0
48	565	0
468	678	0
235	629	0
10	235	0
146	478	0
104	706	0
80	358	0
282	558	0
464	709	0
375	433	0
268	589	0
195	567	0
431	793	0
489	790	0
74	652	0
682	732	0
481	646	0
338	777	0
212	274	0
69	631	0
569	632	0
145	175	0
42	575	0
773	805	0
26	602	0
65	496	0
50	356	0
14	443	0
393	453	0
81	211	0
75	187	0
124	314	0
60	205	0
23	443	0
302	374	0
69	425	0
288	448	0
71	335	0
19	592	0
538	632	0
524	723	0
401	753	0
579	648	0
46	627	0
247	526	0
374	734	0
487	736	0
517	707	0
166	560	0
459	518	0
44	616	0
83	498	0
472	752	0
286	565	0
54	561	0
132	615	0
40	479	0
492	538	0
5	783	0
10	699	0
192	266	0
266	513	0
367	475	0
675	679	0
186	309	0
417	683	0
126	135	0
570	722	0
37	446	0
330	392	0
22	450	0
510	604	0
281	639	0
474	607	0
145	533	0
521	555	0
77	466	0
205	669	0
222	517	0
297	722	0
228	578	0
64	739	0
673	715	1
102	111	0
12	323	0
72	174	0
4	606	0
127	648	0
111	791	0
148	259	0
193	415	0
353	731	0
7	56	0
419	546	0
352	547	0
376	804	0
159	634	0
552	743	0
129	170	0
168	720	0
263	406	0
244	283	0
341	655	0
50	748	0
659	742	0
25	135	0
110	324	0
147	442	0
704	724	0
538	750	0
454	623	0
177	593	0
82	285	0
634	798	0
472	671	0
483	503	0
203	627	0
415	487	0
243	338	0
207	731	0
137	321	0
122	641	0
85	635	0
11	360	0
342	410	0
506	572	0
402	807	0
169	560	0
132	460	0
59	612	0
510	687	1
543	734	0
696	740	0
158	376	0
142	669	0
4	518	0
373	457	0
76	161	0
61	595	0
149	475	1
122	611	0
32	327	0
485	531	0
87	291	0
18	358	0
685	761	0
630	715	0
42	96	0
262	613	0
275	483	0
13	545	0
308	419	0
75	488	0
411	524	0
114	334	0
167	472	0
683	802	0
317	427	0
191	470	0
584	626	0
108	368	0
506	642	0
94	295	0
556	767	0
313	572	0
5	286	0
479	491	0
368	419	0
320	648	0
76	155	0
472	526	0
105	802	0
566	721	0
574	750	0
74	307	0
181	637	0
75	214	0
558	737	0
575	653	0
47	100	0
490	579	0
515	750	0
532	720	0
405	520	0
19	511	0
458	737	0
5	560	0
524	608	0
299	799	0
13	229	0
253	736	0
35	565	0
201	797	0
588	671	0
112	160	0
94	781	0
22	797	0
460	746	0
210	725	0
83	289	0
406	769	0
8	336	0
236	257	0
109	525	0
2	201	0
30	380	0
3	160	0
458	522	0
26	195	0
101	653	0
102	350	0
230	355	0
66	704	0
50	253	0
396	465	0
435	525	0
148	594	0
59	137	0
352	509	0
336	786	0
23	786	0
61	475	0
482	624	0
376	499	0
374	767	0
106	164	0
178	736	0
54	652	0
511	601	0
367	585	0
205	560	0
280	761	0
387	575	0
354	590	0
728	759	0
634	754	0
434	638	0
518	685	0
36	286	0
185	572	0
202	738	0
97	280	0
67	672	0
84	514	0
512	595	0
340	628	0
167	709	0
258	675	0
244	456	0
209	399	0
395	454	0
440	733	0
513	668	0
208	393	0
225	557	0
443	466	0
172	236	0
194	596	0
505	781	0
76	400	0
538	653	0
78	194	0
190	408	0
318	685	0
48	433	0
102	708	0
12	724	0
531	572	0
162	169	1
163	576	0
57	453	0
510	617	0
6	510	0
320	785	0
730	804	0
99	389	0
369	452	0
584	754	0
529	675	0
8	750	0
206	721	0
35	133	0
372	761	0
638	756	0
742	745	0
401	625	0
215	588	0
467	681	0
223	250	0
233	550	0
52	110	0
414	525	0
53	211	0
585	611	0
333	614	0
38	137	0
39	416	0
51	294	0
534	688	0
136	190	0
302	754	0
138	627	0
108	709	0
289	485	0
262	546	0
476	801	0
494	509	0
125	745	0
441	546	0
632	779	0
155	284	0
66	241	0
268	533	0
216	286	0
201	590	0
88	663	0
189	337	0
113	170	0
114	709	0
316	777	0
423	551	0
62	381	0
129	291	0
339	728	0
106	693	0
86	359	0
28	416	0
570	688	0
147	737	0
424	442	0
416	592	0
133	478	0
65	440	0
74	662	0
138	561	0
380	540	0
207	683	0
74	422	0
37	50	0
369	610	0
278	292	0
390	802	0
173	434	0
344	486	0
579	796	0
497	501	0
363	450	0
109	608	0
257	639	0
184	713	0
3	15	0
666	725	0
334	639	0
247	758	0
705	792	0
126	509	0
328	436	0
425	524	0
498	566	0
277	485	0
6	749	0
672	806	0
136	571	0
368	476	0
488	698	0
196	651	0
213	563	0
107	464	0
469	665	0
1	483	0
619	702	0
184	807	0
168	364	0
206	292	0
117	151	0
388	399	0
506	534	0
193	687	0
72	776	0
269	722	0
435	662	0
58	359	0
46	545	0
184	372	0
6	527	0
44	342	0
634	658	0
293	446	0
158	730	0
175	728	0
661	773	0
272	329	0
17	510	0
84	488	0
153	506	0
245	612	0
138	366	0
124	603	0
319	579	0
141	617	0
550	783	0
13	788	0
8	34	0
255	404	0
130	567	0
652	763	0
312	718	0
68	114	0
180	596	0
287	784	0
219	230	0
113	607	0
76	549	0
516	794	0
612	631	0
423	464	0
137	703	0
154	583	0
525	596	0
379	508	0
110	380	0
534	738	0
479	585	0
336	457	0
197	692	1
379	569	0
128	453	0
204	336	0
629	721	0
190	263	1
102	627	0
398	779	0
438	650	0
237	273	0
510	788	0
95	654	0
170	211	0
221	652	0
405	648	0
82	519	0
62	291	0
398	451	0
375	480	0
95	247	0
243	552	0
25	669	0
558	757	0
198	540	0
200	725	0
20	416	0
539	624	0
276	522	0
118	455	0
66	162	0
178	552	0
216	331	0
179	321	0
640	765	0
100	543	0
53	344	0
240	369	0
114	662	0
593	604	0
522	753	0
446	615	0
265	360	0
633	735	0
69	658	0
251	339	0
50	308	0
19	345	0
131	371	0
117	646	0
652	663	0
140	451	0
285	742	0
694	744	0
256	788	0
374	399	0
443	658	0
227	299	0
356	654	0
776	786	0
469	490	0
1	700	0
2	367	0
40	198	0
123	653	0
387	443	0
155	183	0
283	378	0
156	740	0
395	612	0
486	557	0
292	484	0
421	728	1
459	541	0
44	645	0
135	606	0
83	473	0
122	305	0
250	362	0
179	378	0
143	616	0
474	806	0
145	270	0
741	804	0
351	680	0
192	303	0
502	603	0
162	587	0
434	804	0
163	510	0
550	766	0
240	539	0
22	39	0
707	765	0
317	633	0
670	790	0
413	634	0
196	382	0
92	447	0
554	644	0
131	749	0
64	664	0
684	732	0
227	699	0
125	289	0
417	488	0
163	220	0
201	273	0
366	565	0
37	763	0
225	395	0
427	723	0
104	612	0
46	651	0
234	235	0
436	547	0
175	187	0
167	653	0
153	327	0
392	649	0
335	619	0
229	468	0
62	541	0
289	775	0
237	585	0
202	796	0
208	337	0
172	180	0
104	770	0
232	343	0
105	239	0
142	612	0
180	735	0
196	535	0
203	598	0
2	535	0
385	389	0
99	521	0
500	584	0
357	449	0
711	758	0
416	509	0
548	574	0
396	771	0
89	737	0
147	383	0
149	469	0
434	482	0
6	454	0
65	538	0
284	316	0
448	807	0
307	581	0
74	119	0
130	367	0
204	459	0
316	653	0
544	616	0
161	408	0
404	580	0
19	38	0
451	771	0
313	325	0
556	775	0
28	559	0
155	678	0
594	713	0
104	222	0
478	493	0
256	547	0
97	651	0
591	783	0
333	523	0
64	417	0
138	523	0
123	475	0
144	708	0
252	701	0
125	681	0
381	799	0
130	619	0
276	669	0
155	452	0
560	727	0
13	798	0
624	755	0
153	807	0
218	620	0
436	475	0
106	804	0
80	769	0
23	325	0
339	656	0
446	596	0
3	251	0
469	758	0
57	667	0
313	769	0
80	532	0
304	664	0
503	562	0
89	362	0
540	746	0
75	779	0
166	422	1
264	426	0
528	663	0
122	482	1
161	806	0
149	744	0
184	641	1
478	487	0
351	639	0
461	518	0
411	442	0
151	308	0
279	355	0
64	464	0
84	777	0
158	624	0
340	371	0
70	300	0
236	572	0
537	649	0
274	801	0
131	696	0
63	701	0
176	799	0
125	340	0
89	806	0
471	752	0
125	558	0
404	775	0
22	434	0
44	286	0
262	365	0
505	534	0
326	612	0
183	229	0
332	737	0
11	798	0
539	656	0
48	168	0
11	60	0
343	483	0
58	113	0
451	471	0
427	564	0
23	717	0
210	340	0
121	727	0
360	377	0
362	683	0
474	481	0
113	615	0
727	737	0
254	488	0
11	282	0
86	690	0
379	420	0
290	463	0
423	777	0
312	363	0
185	227	0
259	804	0
96	386	0
150	675	0
502	546	0
30	405	0
158	238	1
90	160	0
282	314	0
128	397	0
684	767	0
76	339	0
344	522	0
446	561	0
131	649	0
372	742	0
102	571	0
12	791	0
454	720	0
200	527	0
509	539	0
228	643	0
134	262	0
449	496	0
508	598	0
329	778	0
407	588	0
511	534	0
203	801	0
77	712	0
211	439	0
136	230	0
705	765	1
191	320	0
319	671	0
144	657	0
488	592	0
146	451	0
261	752	0
386	626	0
42	240	0
373	706	0
112	635	0
28	35	0
66	234	0
639	763	0
437	625	0
190	795	0
339	575	0
775	778	0
712	789	0
237	292	0
130	766	0
147	708	0
7	506	0
89	469	0
201	691	0
218	755	0
375	742	0
258	284	0
496	497	0
369	581	0
120	573	0
100	755	0
384	510	0
84	753	0
287	453	0
592	727	0
507	723	0
182	677	0
199	761	0
350	660	0
274	720	0
700	778	0
334	608	0
207	274	0
304	531	0
322	708	0
72	527	0
398	529	0
239	685	0
44	589	0
421	795	0
466	507	0
451	597	0
378	735	0
288	715	0
36	380	0
25	264	0
153	195	0
462	636	0
193	706	0
162	627	0
743	777	0
110	805	0
36	136	0
185	722	0
112	542	0
75	738	0
22	495	0
81	609	0
496	610	0
83	239	0
232	723	0
361	497	0
235	472	0
153	440	0
222	742	0
34	336	0
306	517	0
646	726	0
698	771	0
555	662	0
43	442	0
82	476	0
465	492	0
208	494	0
683	716	0
106	470	0
54	94	0
438	441	0
23	653	0
258	595	0
116	771	0
79	441	0
281	342	0
160	749	0
12	582	0
569	647	0
200	254	0
147	473	0
300	329	0
285	443	0
310	790	0
371	740	0
231	750	0
483	510	0
47	737	0
102	596	0
431	518	0
649	707	0
135	434	0
109	360	1
163	720	0
275	490	0
540	550	0
6	398	0
134	339	0
321	376	0
284	356	0
552	695	0
127	553	0
129	625	0
114	401	0
220	349	0
212	518	0
185	330	0
403	511	0
42	69	0
80	144	0
373	565	0
246	301	0
600	766	0
517	662	0
39	304	0
98	801	0
584	623	0
198	467	0
145	229	0
521	723	0
221	530	0
313	607	0
207	547	0
208	643	0
139	771	0
585	727	0
360	606	1
14	449	0
53	613	0
535	673	0
277	657	0
273	743	0
338	609	0
140	574	0
174	779	0
191	683	0
361	768	0
572	636	0
160	341	0
392	765	0
87	778	0
515	717	0
169	393	0
64	241	0
65	296	0
193	275	0
588	700	0
37	130	0
314	633	0
277	627	0
459	624	0
98	400	0
460	783	0
300	564	0
136	685	0
142	613	0
340	469	0
69	241	0
309	770	0
236	358	0
106	168	0
101	672	0
357	566	0
182	643	0
373	626	0
254	390	0
435	616	0
725	793	0
173	228	0
211	465	0
561	776	0
213	675	0
107	352	0
325	441	0
474	613	0
182	338	0
27	547	0
176	807	0
28	792	0
712	761	0
703	780	0
289	536	0
417	451	0
434	611	0
20	664	0
611	673	0
278	720	0
46	364	0
351	569	0
345	421	1
93	687	1
521	806	0
295	439	0
409	784	0
35	111	0
492	807	0
621	627	0
6	9	0
214	331	0
480	651	0
284	571	0
159	469	0
309	408	0
21	382	0
612	711	0
24	104	0
703	744	0
63	137	0
253	267	0
200	361	0
275	409	0
57	508	1
149	432	0
298	794	0
263	456	0
752	771	0
51	766	0
158	294	0
498	736	0
54	503	0
129	556	0
21	665	0
595	621	0
78	505	0
371	625	0
544	589	0
281	665	0
707	735	0
85	419	0
657	738	0
530	624	0
177	792	0
109	477	0
186	550	0
351	416	0
405	760	0
155	733	0
513	759	0
255	580	0
52	504	0
129	718	0
769	774	0
152	537	0
284	317	0
561	707	0
356	473	0
138	532	0
70	603	0
78	399	0
553	691	0
200	805	0
94	365	0
386	570	0
494	587	0
207	662	0
65	121	0
29	478	0
359	635	0
372	744	0
503	801	0
346	578	0
511	780	0
22	521	0
21	751	0
481	745	0
9	658	0
249	373	1
302	489	0
32	221	0
415	586	0
437	598	0
635	717	0
57	638	0
95	210	0
260	805	0
64	174	0
282	797	0
49	574	0
360	713	1
74	475	0
338	468	0
355	462	0
31	523	0
197	287	0
108	238	0
735	787	0
38	777	0
357	729	0
230	345	0
269	787	0
291	807	0
239	741	0
124	432	0
171	781	0
23	228	0
649	653	0
279	350	0
317	519	0
158	533	0
303	596	0
647	673	0
1	462	0
610	717	0
2	33	0
579	583	0
455	683	0
116	391	0
387	745	0
64	362	0
447	569	0
12	202	0
34	398	0
162	699	0
269	757	0
127	769	0
563	747	0
148	506	0
75	682	0
426	740	0
98	521	0
82	130	0
279	572	0
317	745	0
121	472	0
233	246	0
13	709	0
144	353	0
326	633	0
540	780	0
93	770	0
332	766	0
3	550	0
371	535	0
719	798	0
10	374	0
209	400	0
103	361	0
50	631	0
215	275	0
7	605	0
114	473	0
457	591	0
132	805	0
573	649	0
119	695	0
279	770	0
26	791	0
68	87	0
181	272	0
113	634	0
394	610	0
293	341	0
372	493	0
600	648	0
86	663	0
676	741	0
312	336	0
58	188	0
502	784	0
404	491	0
315	583	0
119	469	0
581	672	0
164	539	0
158	243	0
18	538	0
626	779	0
219	483	0
739	760	0
9	353	0
11	479	0
506	637	0
547	737	0
146	314	0
328	553	0
441	782	0
170	180	0
43	78	0
501	646	0
263	701	0
216	522	0
15	44	0
6	216	0
165	511	0
347	500	0
330	641	0
39	410	0
17	461	0
212	574	0
48	567	0
246	304	0
70	564	0
525	627	0
131	432	0
117	583	0
389	776	0
82	778	0
194	496	0
268	591	0
51	361	0
531	765	0
513	588	0
74	650	0
113	224	0
97	763	0
60	489	0
77	517	0
189	203	0
229	730	0
172	648	0
539	562	0
477	752	0
446	699	0
208	587	0
367	661	0
304	778	0
138	520	0
268	685	0
694	766	0
549	780	0
291	532	0
292	315	0
203	320	0
105	699	0
47	51	0
106	541	0
166	587	0
430	789	0
3	57	0
95	327	0
334	517	0
335	500	0
541	553	0
218	506	0
13	80	0
89	666	0
142	396	0
557	800	0
149	624	0
455	507	0
294	635	0
316	391	0
390	634	0
301	341	0
122	338	0
451	632	1
16	459	0
199	570	0
25	307	0
478	631	0
5	781	0
616	788	0
177	216	0
50	166	0
343	559	0
651	720	0
110	782	0
435	672	0
37	444	0
243	805	0
372	455	0
395	475	0
232	760	0
89	100	0
250	609	0
235	511	0
607	623	0
3	501	0
280	782	0
138	340	0
42	357	0
124	557	0
319	600	0
396	668	0
291	398	0
433	537	0
663	702	0
130	574	0
15	584	0
7	58	0
120	188	0
194	735	0
157	457	0
174	456	0
31	432	0
97	561	0
54	115	0
55	302	0
8	775	0
244	357	0
335	590	0
48	56	0
176	205	0
164	415	0
379	566	0
659	744	0
237	556	0
57	318	0
433	572	0
186	410	0
150	561	0
564	683	0
157	235	0
565	670	0
159	429	0
203	629	0
310	779	1
39	203	0
24	160	0
446	688	0
694	696	0
33	406	0
486	589	0
125	776	0
253	307	0
95	688	0
647	782	0
405	606	0
464	502	0
119	302	0
652	692	0
30	293	0
488	508	0
352	588	0
668	777	0
38	784	0
574	678	0
226	528	0
243	626	0
25	683	0
191	242	0
125	618	0
18	356	0
498	710	0
260	441	0
51	468	0
14	200	0
15	177	0
218	303	0
114	332	0
761	767	0
8	417	0
680	693	0
619	745	0
302	583	0
353	737	0
144	545	0
130	588	0
593	762	0
136	617	0
26	525	0
83	755	0
602	753	0
89	427	0
377	405	0
255	370	0
450	579	0
507	636	0
97	624	0
653	771	0
23	360	0
423	658	0
212	469	0
191	694	0
106	750	0
160	330	0
415	514	0
312	629	0
674	766	0
193	310	0
670	800	0
547	556	0
57	701	0
72	673	0
126	628	0
127	133	0
112	162	0
416	722	0
114	784	0
761	779	0
406	434	0
212	498	0
426	643	0
469	530	0
31	606	0
252	339	0
274	608	0
69	407	0
499	723	0
80	799	0
11	671	0
38	377	0
162	513	0
163	296	0
112	384	0
420	473	0
22	125	0
465	688	0
597	647	0
376	501	0
144	395	0
724	732	0
92	497	0
681	692	0
603	759	0
135	721	0
154	220	0
103	211	0
34	438	0
343	672	0
35	574	0
110	661	0
202	736	0
426	700	0
262	334	0
135	212	0
232	611	0
339	457	0
250	756	0
181	438	0
395	620	0
76	684	0
183	200	0
497	577	0
205	272	0
79	267	0
318	625	0
40	136	0
48	85	0
780	798	0
395	504	0
162	453	0
469	595	0
73	742	0
440	735	0
292	576	0
96	321	0
342	707	0
6	210	0
98	787	0
120	327	0
121	754	0
436	651	0
631	748	0
348	431	0
124	366	0
78	192	0
25	553	0
392	465	0
19	668	0
599	806	0
146	608	0
238	394	0
43	232	0
685	697	0
82	654	0
526	711	0
411	483	0
233	778	0
180	263	0
143	189	0
451	718	0
425	661	0
183	800	0
99	721	0
190	248	0
462	637	0
508	805	0
394	485	0
17	614	0
495	754	0
364	699	0
418	511	0
46	199	0
555	660	0
595	677	0
155	752	0
456	728	0
397	659	1
556	733	0
60	691	0
429	591	0
316	549	0
99	399	0
317	348	0
523	529	0
228	361	0
16	502	0
394	711	0
144	766	0
161	304	0
643	724	0
602	719	0
40	575	0
471	542	0
576	657	0
259	735	0
80	288	0
65	156	0
618	800	0
244	799	0
164	576	0
256	667	0
97	547	0
60	401	0
188	350	0
406	653	0
446	642	0
227	587	0
4	184	0
117	337	0
27	73	0
140	424	0
433	434	0
636	757	1
35	578	0
127	296	0
203	264	0
277	513	0
633	691	0
406	495	0
390	800	0
227	670	0
545	613	0
430	481	0
288	522	0
342	701	0
1	711	0
109	606	1
2	312	0
19	650	0
115	673	0
169	281	0
297	364	0
418	652	0
615	724	0
672	737	0
11	554	0
49	755	0
552	697	0
486	776	0
418	552	0
18	594	0
202	467	0
451	546	0
224	359	0
496	764	0
23	195	0
61	396	0
378	774	0
83	428	0
232	786	0
175	388	0
16	19	0
387	652	0
260	646	0
64	271	0
192	372	0
546	671	0
49	477	0
602	771	0
267	346	0
110	710	0
20	554	0
58	357	0
519	688	0
67	753	0
443	633	0
12	125	0
325	329	0
309	596	0
516	742	0
258	274	0
296	577	0
352	429	0
63	581	0
461	709	0
177	450	0
50	592	0
215	270	0
650	700	0
292	533	0
133	535	0
148	335	0
148	559	0
45	203	0
121	541	0
30	161	0
106	459	0
159	327	0
76	551	0
379	554	0
258	564	0
189	768	0
500	711	0
85	735	0
600	685	0
341	581	0
33	380	0
140	560	0
306	776	0
73	531	0
58	153	0
286	496	0
149	334	0
315	570	0
65	643	0
65	737	0
210	428	0
428	507	0
391	641	0
159	613	0
197	690	0
282	309	0
272	791	0
203	573	0
126	243	0
189	738	0
25	577	0
355	710	0
73	453	0
377	770	0
405	483	0
103	776	0
71	694	0
364	520	0
290	359	0
44	357	0
366	458	0
223	455	0
299	511	0
321	347	0
451	536	0
30	381	0
233	631	0
234	728	0
330	539	0
293	661	0
385	714	0
423	790	0
136	208	0
100	225	0
125	530	0
643	675	1
146	505	0
521	546	0
223	229	0
5	434	0
118	453	0
13	615	1
501	559	0
74	663	0
26	592	0
347	649	0
204	790	0
394	565	0
8	121	0
144	617	0
201	326	0
56	357	0
484	496	0
238	589	0
131	373	0
4	13	0
587	806	0
350	487	0
34	488	0
322	504	0
143	762	0
75	144	0
113	293	0
211	374	0
445	510	0
106	550	0
469	488	0
37	418	0
182	755	0
623	715	0
147	620	0
408	684	0
717	759	0
689	749	0
112	700	0
230	719	0
140	291	0
88	212	0
89	701	0
142	433	0
484	499	0
224	404	0
378	409	0
44	647	0
151	445	0
210	667	0
62	712	0
46	205	0
399	527	0
386	396	0
196	602	0
362	366	0
447	672	0
145	268	0
18	530	0
93	206	0
720	748	0
371	468	0
297	473	0
101	707	0
304	427	0
12	116	0
141	344	0
89	607	0
487	760	0
112	456	0
277	360	0
98	663	0
410	551	0
611	761	0
31	185	0
567	795	0
325	412	0
310	480	0
516	587	0
258	327	0
222	556	0
430	546	1
10	484	0
45	131	0
343	360	0
269	581	0
163	222	0
366	571	0
383	635	0
426	628	0
353	700	0
210	223	0
208	501	0
512	541	0
31	479	0
150	392	0
272	454	0
348	369	0
242	716	0
529	574	0
101	135	0
85	770	0
124	744	0
305	386	0
620	770	0
58	202	0
388	607	0
181	451	1
65	766	0
135	450	0
284	536	0
232	345	0
105	237	0
142	618	0
270	607	0
150	429	0
54	182	0
203	584	0
77	111	0
538	707	0
76	543	0
395	499	0
228	237	0
33	393	0
492	554	0
509	644	0
162	474	0
4	542	0
6	452	0
82	598	0
543	743	0
68	645	0
86	559	0
336	372	0
60	789	0
61	588	0
78	474	0
378	432	0
431	686	0
200	612	0
221	774	0
428	696	0
564	772	0
21	634	0
260	454	0
520	555	0
51	507	0
251	515	0
255	635	0
240	256	0
437	746	0
739	806	0
242	370	0
7	166	0
229	584	0
18	35	0
381	797	0
498	678	0
94	334	0
222	259	0
4	82	0
80	488	0
388	433	0
65	68	0
662	735	0
194	352	0
268	735	0
552	632	0
382	709	0
143	681	0
406	651	0
789	801	0
97	619	0
278	384	0
406	693	0
129	217	0
339	658	0
32	250	0
221	763	0
326	508	0
19	484	0
238	728	0
41	124	0
154	261	0
65	358	0
28	366	0
439	487	0
143	591	0
224	449	0
33	258	0
294	745	0
98	486	0
585	746	0
528	649	0
726	748	1
175	350	0
287	368	0
234	389	0
1	527	0
2	224	0
19	706	0
525	535	1
408	567	0
266	701	0
675	731	0
88	351	0
114	512	0
37	298	0
55	657	0
599	794	0
598	645	0
137	281	0
286	587	0
219	612	0
145	633	0
384	479	0
422	700	0
626	764	0
131	698	0
192	444	0
668	700	0
308	508	0
73	495	0
435	720	0
37	524	0
519	760	0
611	619	0
435	776	0
279	579	0
249	686	0
68	150	0
31	34	0
107	696	0
70	460	0
71	797	0
764	766	0
525	696	0
177	266	0
54	374	0
237	666	0
73	713	0
380	397	0
555	573	0
208	416	0
171	308	0
462	758	0
181	371	0
272	689	0
241	552	0
77	130	0
354	777	0
314	483	0
492	560	0
124	355	0
161	239	0
125	150	0
54	299	0
71	307	0
517	538	0
20	38	0
468	767	0
6	17	0
320	776	0
411	611	0
386	447	0
15	365	0
256	372	0
404	603	0
591	606	0
156	729	1
99	692	0
280	378	0
266	309	0
160	784	0
421	803	0
99	622	0
273	535	0
418	472	0
57	136	0
20	260	0
263	672	0
217	660	0
195	758	0
90	448	0
380	506	0
330	595	0
368	738	0
63	311	0
302	725	0
468	709	0
581	586	0
354	618	0
553	633	0
200	751	0
514	711	0
131	431	0
630	633	0
556	628	0
117	602	0
133	197	0
526	804	0
142	702	0
30	599	0
456	788	0
218	479	0
96	535	0
383	445	0
189	238	0
446	743	0
319	639	0
251	285	0
108	386	0
146	227	0
184	466	0
222	398	0
80	611	0
28	195	0
103	247	0
87	332	0
360	755	0
142	335	0
291	563	0
53	688	0
66	435	0
166	369	0
278	287	0
83	693	0
190	635	0
528	614	0
191	774	0
197	325	0
415	658	0
259	391	0
377	776	0
431	761	0
403	782	0
614	670	0
80	641	0
747	776	0
283	292	0
88	140	0
291	785	0
74	99	0
148	750	0
404	592	0
277	462	0
136	514	0
316	658	0
446	803	0
657	727	0
70	255	0
219	723	0
71	594	0
552	687	0
371	396	0
374	513	0
267	377	0
527	751	0
269	683	0
533	622	0
20	535	0
395	461	0
165	618	0
262	444	0
323	702	0
286	310	0
732	770	0
333	743	0
610	721	0
115	768	0
296	614	0
716	758	0
138	329	0
214	692	0
125	487	0
396	641	0
110	517	0
291	429	0
446	478	0
298	627	0
427	797	0
104	702	0
80	208	0
91	424	0
423	768	0
326	721	0
438	447	0
422	528	0
349	528	0
8	804	0
335	557	0
160	751	0
214	406	0
231	588	0
560	745	0
42	527	0
314	360	0
133	724	0
261	303	0
581	726	0
360	486	0
42	699	1
15	720	0
113	658	0
310	788	0
294	425	0
385	451	0
723	765	0
264	748	0
281	530	0
177	609	0
696	751	0
163	722	0
122	217	0
275	492	0
90	393	0
164	688	0
156	313	0
194	228	0
397	513	0
398	490	0
54	408	0
458	561	0
310	566	0
30	711	0
604	666	0
463	697	0
561	596	0
34	716	0
200	700	0
556	713	0
207	783	0
118	510	0
308	429	0
411	794	0
105	737	0
549	583	0
308	386	1
790	794	0
437	546	0
141	571	0
504	685	0
191	503	0
138	705	0
123	389	0
235	719	0
146	180	0
354	591	0
204	206	0
313	605	0
377	739	0
208	645	0
118	152	0
209	732	0
193	247	0
484	641	0
359	678	0
105	771	0
566	688	0
571	774	0
189	382	0
38	505	0
453	583	0
450	785	0
338	607	0
377	387	0
674	721	0
108	117	0
438	642	0
476	497	0
222	245	0
15	251	0
541	639	0
374	464	0
194	468	0
503	756	0
35	466	0
731	785	0
456	637	0
319	409	0
37	128	0
224	393	0
166	492	0
44	668	0
62	557	0
235	736	0
361	544	0
287	328	0
469	565	0
309	768	0
236	352	0
537	549	0
455	518	0
39	705	0
25	377	0
499	686	0
260	752	0
64	401	0
192	198	0
230	258	0
267	276	0
585	785	0
527	594	0
14	515	0
418	664	0
550	721	0
20	580	0
390	722	0
597	666	0
46	400	0
233	399	0
65	78	0
70	362	0
309	546	0
108	335	0
249	409	0
130	183	0
24	686	0
296	691	0
515	537	0
297	670	0
356	603	0
493	586	1
357	790	0
432	435	0
484	528	0
117	716	0
127	764	0
58	469	0
611	675	0
427	744	0
559	579	0
194	661	0
121	435	0
144	603	0
414	502	0
107	640	0
181	393	0
1	51	0
257	425	0
521	804	0
349	707	0
560	782	0
409	790	0
229	445	0
5	359	0
237	610	0
275	701	0
573	724	0
6	191	0
135	473	0
501	558	0
46	588	0
105	240	0
35	729	0
15	647	0
362	737	0
241	496	0
385	446	0
206	790	0
265	714	0
160	634	0
396	794	0
238	423	1
96	588	0
314	511	0
160	496	0
82	627	0
466	722	0
324	564	0
166	225	0
252	622	0
243	444	0
25	753	0
278	431	0
108	518	0
200	585	0
403	428	0
223	343	0
471	575	0
337	720	0
360	783	0
323	389	0
27	405	0
414	620	0
74	517	0
477	783	0
293	357	0
167	268	0
152	539	0
523	572	0
561	705	0
122	777	0
229	595	0
213	446	0
74	359	0
87	597	0
109	253	0
313	520	0
557	789	0
246	446	0
230	787	0
322	326	0
164	613	0
436	450	0
113	331	0
28	319	0
505	767	0
501	766	0
545	806	0
31	727	0
588	778	0
490	631	0
19	459	0
602	724	0
244	570	0
139	702	0
136	286	0
395	520	0
268	282	0
450	597	0
35	589	0
164	347	0
203	311	0
230	610	0
98	451	0
173	403	0
287	415	0
144	167	0
161	799	0
273	325	0
3	108	0
408	732	0
40	213	0
88	324	0
239	743	0
98	293	0
61	431	0
173	181	0
233	474	0
16	112	0
182	397	0
628	757	0
554	752	0
396	574	0
228	731	0
64	364	0
546	672	0
214	786	0
380	526	0
344	524	0
709	757	0
98	519	0
482	678	0
157	626	0
657	745	0
658	741	0
399	565	0
400	765	0
80	683	0
183	663	0
349	694	0
79	349	0
274	721	0
49	218	0
12	298	0
395	434	0
495	673	0
676	769	0
614	781	0
96	155	0
108	252	0
388	713	0
28	395	0
353	556	0
369	725	0
300	493	0
359	417	0
16	572	0
91	400	0
552	670	0
76	580	0
258	537	0
189	803	0
544	798	0
281	424	0
713	765	0
251	726	0
357	640	0
186	375	0
225	731	0
120	495	0
391	740	0
217	603	0
91	190	0
219	485	0
152	298	0
253	623	0
134	398	0
638	672	0
548	648	0
18	495	0
56	198	0
328	555	0
603	780	0
223	314	0
170	178	0
49	746	0
172	612	0
526	559	0
414	453	0
216	524	0
233	594	0
414	569	0
678	730	0
361	552	0
385	725	0
78	586	0
544	730	0
446	494	0
48	553	0
468	674	0
108	761	0
215	695	0
290	618	0
94	444	0
222	369	0
540	782	0
192	676	0
134	571	0
204	737	0
29	271	0
14	157	0
18	551	0
271	374	0
256	725	0
406	731	0
498	600	0
762	765	0
356	590	0
130	537	0
147	685	0
386	655	0
118	192	0
304	780	0
670	699	0
433	616	0
14	447	0
307	435	0
567	751	0
641	799	0
32	594	0
580	757	0
265	619	0
31	600	0
123	683	0
362	417	0
416	521	0
1	669	0
199	790	0
348	716	0
40	165	0
169	455	0
170	552	0
154	437	0
616	632	0
39	687	0
68	417	0
149	638	0
187	295	0
239	541	0
61	322	0
745	753	0
227	550	0
301	339	0
250	397	0
508	696	0
182	510	0
645	682	0
116	374	0
79	98	0
10	679	0
563	804	0
236	751	0
396	440	0
126	139	0
163	415	0
310	354	0
239	616	0
75	763	0
59	222	0
337	400	0
300	796	0
211	395	0
93	398	0
90	760	0
144	304	0
474	603	0
205	632	0
516	552	0
332	653	0
24	742	0
280	784	0
537	622	0
319	401	0
125	450	0
239	334	0
96	200	0
22	288	0
81	804	0
559	635	0
375	670	0
301	791	0
175	770	0
414	462	0
362	775	0
453	620	0
473	774	0
77	304	0
258	586	0
319	375	0
267	792	0
486	492	0
229	424	0
328	794	0
572	613	0
250	575	0
149	276	0
298	702	0
7	218	0
354	611	0
105	200	0
307	644	0
306	509	0
181	227	0
272	705	0
203	631	0
762	804	0
24	162	0
78	277	0
520	630	0
73	478	0
766	797	0
11	364	0
547	782	0
531	661	0
396	802	0
163	569	0
20	150	0
299	425	0
247	279	0
376	740	0
554	663	0
732	804	0
143	200	1
733	760	0
458	538	0
167	246	0
651	685	0
584	664	0
92	395	0
421	697	0
471	604	0
57	248	0
111	437	0
5	120	0
722	762	0
373	606	1
681	738	0
172	735	0
29	354	0
195	646	0
179	269	0
383	537	0
308	431	0
181	679	0
3	394	0
97	660	0
77	598	0
406	628	0
243	658	1
317	423	0
377	644	0
138	554	0
690	728	0
325	620	0
252	732	0
184	356	0
312	793	0
225	297	0
5	282	0
208	666	0
562	585	0
143	611	0
28	173	0
359	701	0
285	570	0
14	488	0
74	319	0
271	507	0
75	202	0
205	703	0
498	719	0
173	569	0
264	363	0
272	324	0
251	397	0
235	768	0
416	678	0
350	467	0
31	56	0
321	767	0
279	612	0
35	569	0
457	495	0
166	449	0
14	782	0
120	687	0
611	683	0
211	216	0
636	655	0
315	486	0
400	750	0
577	756	0
537	584	0
130	398	0
459	633	0
408	532	0
351	604	0
101	649	0
541	700	0
176	720	0
66	732	0
559	587	0
306	335	0
35	279	0
148	606	0
149	771	0
166	675	1
81	725	0
639	806	0
465	694	0
46	117	0
488	721	0
31	227	0
16	184	0
400	807	0
12	318	0
205	556	0
296	728	0
461	642	0
79	247	0
63	722	0
706	799	0
448	563	0
12	140	0
215	503	0
646	736	0
110	667	0
20	647	0
148	444	0
146	776	0
172	458	0
665	695	0
84	526	0
286	326	0
436	631	0
326	583	0
278	676	0
153	403	0
392	757	0
525	731	0
214	548	0
487	592	0
223	702	0
225	545	0
278	533	0
120	329	0
29	657	0
565	591	0
529	681	0
159	498	0
348	425	0
100	282	0
372	551	0
365	507	0
266	500	0
358	598	0
200	368	0
328	645	0
147	331	0
20	59	0
663	787	0
719	802	0
320	789	0
172	782	0
156	395	0
391	556	0
730	800	0
307	529	0
180	257	0
426	501	0
54	494	0
44	68	0
243	419	0
318	435	0
85	396	0
468	516	0
17	612	0
500	646	0
401	453	0
163	674	0
592	755	0
185	478	0
95	807	0
538	792	0
595	679	0
680	694	0
156	169	1
78	81	0
88	527	0
261	415	0
347	574	0
385	797	0
61	740	0
152	512	0
231	566	0
228	363	0
191	353	0
229	574	0
300	443	0
643	726	0
660	728	0
350	770	0
21	802	0
719	774	0
398	805	0
579	776	0
211	624	0
268	529	0
126	805	0
436	495	0
39	642	0
498	608	0
136	483	0
122	212	0
31	754	0
251	312	0
288	302	1
658	705	1
19	430	0
604	720	0
602	618	0
95	251	0
26	414	0
208	533	0
282	772	0
28	288	0
50	296	0
648	692	1
438	653	0
210	316	0
291	558	0
218	722	0
37	62	0
127	714	0
331	465	0
294	679	0
100	371	0
609	645	0
338	495	0
84	255	0
431	434	0
107	182	0
469	579	0
145	405	0
273	344	0
388	456	0
115	675	0
21	541	0
351	547	1
335	430	0
541	751	0
11	556	0
321	628	0
89	720	0
533	687	0
443	526	0
150	617	0
148	643	0
517	713	0
495	564	0
421	689	0
151	264	0
121	231	0
250	453	0
129	298	0
537	725	0
404	406	0
64	257	0
11	778	0
230	402	0
602	769	0
343	721	0
36	175	0
330	460	0
121	449	0
84	691	0
340	549	0
648	733	0
646	803	0
589	682	0
241	772	0
287	604	0
131	514	0
495	498	0
492	738	0
447	740	0
391	760	0
535	806	0
110	550	0
440	526	0
112	795	0
402	758	0
573	610	0
171	750	0
403	438	0
67	273	0
345	663	0
453	548	0
183	351	0
521	692	0
24	508	0
318	738	0
10	179	0
85	733	0
50	688	0
676	716	0
200	285	0
275	301	0
59	706	0
668	684	0
336	461	0
534	616	0
475	521	0
180	374	0
203	575	0
16	715	0
354	673	0
25	583	0
100	397	0
651	791	1
401	595	0
33	92	0
437	519	0
328	560	0
147	212	0
223	449	0
80	81	0
81	296	0
134	306	0
156	286	0
30	355	0
159	645	0
678	703	0
165	472	0
60	738	0
591	646	0
243	556	0
506	649	0
228	440	0
48	526	0
32	387	0
160	200	0
547	548	0
146	503	0
105	282	0
96	794	0
557	643	1
192	601	0
7	742	0
657	797	0
88	666	0
90	296	0
308	359	0
36	711	0
242	479	0
9	774	0
515	524	0
553	705	0
570	737	0
184	284	0
493	750	0
30	173	0
259	330	0
79	597	0
26	579	0
133	429	0
27	166	1
134	336	0
539	641	0
285	738	0
574	654	0
308	645	0
548	697	0
502	702	0
39	567	0
210	631	0
173	513	0
356	649	0
96	622	0
674	754	0
506	693	0
312	559	0
499	623	0
170	565	0
64	208	0
134	309	0
305	794	0
13	41	0
89	643	0
473	540	0
37	163	0
495	731	0
294	594	0
136	588	0
451	641	1
32	557	0
197	429	0
235	246	0
770	791	0
364	402	0
115	556	0
280	415	0
371	470	0
515	807	0
230	303	0
556	701	0
180	403	0
477	575	0
187	504	0
81	541	0
482	564	0
157	704	0
33	697	0
325	410	0
309	517	0
602	687	0
205	756	0
25	118	0
297	761	0
448	635	0
358	466	0
72	183	0
110	595	0
202	550	0
97	324	0
336	764	0
337	341	0
444	751	0
194	758	0
67	380	0
84	582	0
68	195	0
453	485	0
78	630	0
167	649	0
244	268	0
392	653	0
500	694	0
11	101	0
289	795	0
402	538	0
540	547	0
43	276	0
449	605	0
360	400	0
52	494	0
234	393	0
197	515	0
271	780	0
77	109	0
549	674	0
704	761	0
498	703	0
63	174	0
10	38	0
534	768	0
17	770	0
63	269	0
620	623	0
59	607	0
578	677	0
150	778	0
502	629	0
540	709	0
142	650	0
234	683	0
583	714	0
128	340	0
76	186	0
167	205	0
9	247	0
63	396	0
191	219	0
48	603	0
123	241	0
394	443	0
17	556	0
273	698	0
40	731	0
42	393	0
540	664	0
337	563	0
195	685	0
269	398	0
255	613	0
632	707	0
347	614	0
187	781	0
114	295	0
431	468	0
152	632	0
317	386	0
228	291	0
212	680	0
464	725	0
144	568	0
198	399	0
472	795	0
61	525	0
237	427	0
477	604	0
414	642	0
441	606	0
43	766	0
332	482	0
464	585	0
268	729	0
360	522	0
344	399	0
432	434	0
127	396	0
522	568	0
511	666	0
431	499	0
99	167	0
83	554	0
265	537	0
123	317	0
490	616	0
416	667	0
515	761	0
355	645	0
238	734	0
79	734	0
139	733	0
140	370	0
322	589	0
695	786	0
553	655	0
592	669	0
149	524	0
352	648	0
369	589	0
264	430	0
144	552	0
250	283	0
443	741	0
386	560	0
17	138	0
182	588	0
593	680	0
169	343	0
368	730	0
10	725	0
661	698	0
502	509	0
253	569	0
14	585	0
550	655	0
202	489	0
331	711	0
81	744	0
151	304	0
407	682	0
295	645	0
387	710	0
282	304	0
102	145	0
434	599	0
73	493	0
20	748	0
97	503	0
775	780	0
262	353	0
136	476	0
361	426	0
159	251	1
453	474	0
71	799	0
167	732	0
494	543	0
131	602	0
673	703	1
11	48	0
379	602	0
231	725	0
125	434	0
306	748	0
327	794	0
658	787	0
555	575	0
276	436	0
133	621	0
353	591	0
7	68	0
120	302	0
29	652	0
536	568	0
384	625	0
270	654	0
362	663	0
91	511	0
54	225	0
681	793	0
403	515	0
25	797	0
500	569	0
266	465	0
379	440	0
117	651	0
110	312	0
57	428	0
350	747	0
42	696	0
700	708	0
6	23	0
389	405	0
173	745	0
415	593	0
52	369	0
453	798	0
293	585	0
403	550	0
189	552	0
190	195	0
357	370	0
329	400	0
56	227	0
418	470	0
433	580	0
647	683	0
450	570	0
508	692	0
678	711	0
256	404	0
384	601	0
39	443	0
95	249	0
152	549	0
62	104	0
377	538	0
32	459	0
529	766	0
446	658	0
424	677	0
367	655	0
75	139	0
373	718	0
246	372	0
282	774	0
216	263	0
731	760	0
445	474	0
53	412	0
703	726	1
242	487	0
62	330	0
32	169	0
231	489	0
400	461	0
575	718	0
130	762	0
94	187	0
477	721	0
424	451	0
80	613	0
774	789	0
140	391	0
88	112	0
126	513	0
445	501	0
496	501	0
60	238	0
633	660	0
297	705	0
173	585	0
79	686	0
197	323	0
490	735	0
252	786	0
109	631	0
2	339	0
183	586	0
207	286	0
706	715	0
357	653	0
28	483	0
163	348	0
148	744	0
224	350	0
151	487	0
537	791	0
446	801	0
250	430	0
452	806	0
106	520	0
460	697	0
349	426	0
359	366	0
1	316	0
577	719	0
64	294	0
357	623	0
28	641	0
88	428	0
435	641	0
649	764	0
427	625	0
465	710	0
423	789	0
250	285	0
249	735	0
31	115	0
70	415	0
451	786	0
55	105	0
516	525	0
608	702	0
416	781	0
41	683	0
18	640	0
64	708	0
319	436	0
565	753	0
215	359	0
58	430	0
261	523	0
119	715	0
120	219	0
71	273	0
339	443	0
324	429	0
273	346	0
733	791	0
26	329	0
438	445	0
348	698	0
24	481	0
116	783	0
524	760	0
137	646	0
176	236	0
86	611	0
62	523	0
237	525	1
426	568	0
147	477	0
20	85	0
21	508	0
150	720	0
204	694	0
263	339	0
234	449	0
181	198	0
140	241	0
55	557	0
294	431	0
354	666	0
9	301	0
372	599	0
40	64	0
567	570	0
12	672	0
290	350	0
447	806	0
20	171	0
442	476	0
693	771	0
82	540	0
104	124	0
88	609	0
195	327	0
52	196	0
159	672	0
219	349	0
625	804	0
354	508	0
120	750	0
48	611	0
338	349	0
161	324	0
40	659	1
534	775	0
556	715	0
43	792	0
246	289	0
375	455	0
88	703	0
105	743	0
414	641	0
60	573	0
69	219	0
356	432	0
87	544	0
131	282	0
518	666	0
117	685	0
139	775	0
143	739	0
196	680	0
113	318	0
549	550	0
498	752	0
390	578	0
417	498	0
31	642	0
136	573	0
236	444	0
2	388	0
222	251	0
155	174	0
139	741	0
247	604	0
14	743	0
398	582	0
149	580	0
588	791	0
537	748	0
226	345	1
120	716	0
636	684	0
141	308	0
70	78	0
54	579	0
348	804	0
365	642	0
280	572	0
615	806	0
25	256	0
536	544	0
413	734	0
608	720	0
111	519	0
31	787	0
385	441	0
541	713	0
61	506	0
279	423	0
330	383	0
213	687	0
107	356	0
55	220	0
444	638	0
455	806	0
258	382	0
131	756	0
479	519	0
387	542	0
357	788	0
28	788	0
654	704	0
33	797	0
478	591	0
97	319	0
519	573	0
23	531	0
559	589	0
67	643	0
249	612	0
693	763	0
234	240	0
181	407	0
3	370	0
167	740	0
115	143	0
667	740	0
261	749	0
138	506	0
690	703	0
124	711	0
231	541	0
215	248	0
162	484	0
237	608	0
408	450	0
493	502	0
275	703	0
149	218	0
298	740	0
261	496	0
278	566	0
284	567	0
479	751	0
430	749	1
270	582	0
785	802	0
620	795	0
113	547	0
76	433	0
8	593	0
228	244	0
72	344	0
164	593	0
147	358	0
275	413	0
42	368	0
43	201	0
65	561	0
390	651	0
323	361	0
217	750	0
159	759	0
74	801	0
100	345	0
458	704	0
387	742	0
354	529	0
73	506	0
728	752	0
267	670	0
71	675	0
18	280	0
570	797	0
46	697	0
403	430	0
196	334	0
647	755	0
262	663	0
502	776	0
178	594	0
51	480	0
240	487	0
76	117	0
60	594	0
167	270	0
99	428	0
611	630	0
704	786	0
85	129	0
303	318	0
252	662	0
18	58	0
570	639	0
477	631	0
259	316	0
133	283	0
383	696	0
194	283	0
639	703	0
450	689	0
201	621	0
255	678	0
179	671	0
558	691	0
46	295	0
8	203	0
227	449	0
523	796	0
339	763	0
86	388	0
605	748	0
93	440	0
57	642	0
553	757	0
562	737	0
503	549	0
450	595	0
514	795	0
53	758	0
37	209	0
331	508	1
232	634	0
9	624	0
286	688	0
123	638	0
161	797	0
145	368	0
18	766	0
365	725	0
76	670	0
169	378	0
631	734	0
283	750	0
476	717	0
88	326	0
141	196	0
328	469	0
284	790	0
240	641	0
370	447	0
187	394	0
415	450	0
98	291	0
649	763	0
317	515	0
73	366	0
233	472	0
31	789	0
378	531	0
201	289	0
2	61	0
23	589	0
387	749	0
154	224	0
447	549	0
103	135	0
289	591	0
167	716	0
550	578	0
538	795	0
690	714	0
250	696	0
461	667	0
16	784	0
144	357	0
92	251	0
491	574	0
512	534	0
93	798	0
497	701	0
386	446	0
650	723	0
515	789	0
64	524	0
138	271	0
214	754	0
125	429	0
254	787	0
292	564	0
276	401	0
295	438	0
298	585	0
210	365	0
208	472	0
46	767	0
287	755	0
400	516	0
113	638	0
241	513	0
183	418	0
349	598	0
755	784	0
430	602	0
378	510	0
48	495	0
2	712	0
486	597	0
471	487	0
147	277	0
457	685	0
21	308	0
59	737	0
668	689	0
633	725	0
210	399	0
466	549	0
171	707	0
219	487	0
614	764	0
445	633	0
137	440	0
377	803	0
176	402	0
638	678	0
335	636	0
364	623	0
56	200	0
509	626	0
147	243	0
223	292	0
43	66	0
246	591	0
178	743	0
323	466	0
513	552	0
473	481	0
592	638	0
256	393	0
310	764	0
60	647	0
98	794	0
316	633	0
152	714	0
635	797	0
86	87	0
252	331	0
409	733	0
617	793	0
660	802	0
72	412	0
556	659	0
80	348	0
428	798	0
412	443	0
216	300	0
126	787	0
218	454	0
181	754	0
437	536	0
498	598	0
696	732	0
9	801	0
504	743	0
48	777	0
251	370	0
659	765	1
161	622	0
737	801	0
570	642	0
676	677	0
207	487	0
743	753	0
448	510	0
670	697	0
388	576	0
268	681	0
22	194	0
36	733	0
75	177	0
38	263	0
98	114	0
151	252	0
305	503	0
84	193	0
191	751	0
69	403	0
197	366	0
476	669	0
257	521	0
40	167	1
169	453	0
314	354	0
706	740	0
579	654	0
283	349	0
526	722	0
126	431	0
588	704	0
239	660	0
314	573	0
166	554	0
188	214	0
241	497	0
62	747	0
67	799	0
672	683	0
392	552	0
250	395	0
213	517	0
92	378	0
537	739	0
439	455	0
297	570	0
245	404	0
102	263	0
230	456	0
33	780	0
508	746	0
434	709	0
360	508	1
464	680	0
172	337	0
419	542	0
317	664	0
157	675	0
249	706	0
323	711	0
558	710	0
404	609	0
422	675	0
131	716	0
334	453	0
229	273	0
410	413	0
49	107	0
124	553	0
659	782	0
73	381	0
201	304	0
202	603	0
120	192	0
121	617	0
249	540	0
175	780	0
107	586	0
324	676	0
453	618	0
93	659	0
167	684	0
295	379	0
152	251	0
392	682	0
138	434	0
431	779	0
12	607	0
668	740	0
57	322	0
402	730	0
573	794	0
547	794	0
134	200	1
7	212	0
510	651	1
565	666	0
52	451	0
16	681	0
15	272	0
309	476	0
96	587	0
8	617	0
517	699	0
355	690	0
372	636	0
401	612	0
12	701	0
625	759	0
94	749	0
383	694	0
350	635	0
458	671	0
552	745	0
66	338	0
708	773	0
216	635	0
587	604	0
548	590	0
682	687	0
294	354	0
78	565	0
492	632	0
432	743	0
471	606	0
557	697	0
373	604	0
299	329	0
262	607	0
307	619	0
216	409	0
179	271	0
180	252	0
22	747	0
648	774	0
242	405	0
99	484	0
85	476	0
249	471	0
265	346	0
69	708	0
252	734	0
109	195	0
274	408	0
685	723	0
494	519	0
367	767	0
80	471	0
722	794	0
27	240	0
35	733	0
397	478	0
53	524	0
181	583	0
203	403	0
97	628	0
98	167	0
53	126	0
338	630	0
190	751	0
212	419	0
605	724	0
71	152	0
532	734	0
551	785	0
386	768	0
313	800	0
614	770	0
155	197	1
49	634	0
156	698	0
108	552	0
253	762	0
489	570	0
204	654	0
227	759	0
226	514	0
286	648	0
54	612	0
1	616	0
280	545	0
499	727	0
139	422	0
419	771	0
363	704	0
14	554	0
418	627	0
550	680	0
324	602	0
240	713	0
166	673	1
132	328	0
649	713	0
444	451	0
512	779	0
657	708	0
651	708	0
221	239	0
168	261	0
280	767	0
334	438	0
154	216	0
696	798	0
162	767	0
382	386	0
20	641	0
58	316	0
404	800	0
422	507	0
427	641	1
45	82	0
540	698	0
693	742	0
505	565	0
181	434	0
76	680	0
168	547	0
57	228	0
492	532	0
410	608	0
214	570	0
291	319	0
37	783	0
223	696	0
224	778	0
480	740	0
23	748	0
119	635	0
284	504	0
121	758	0
505	791	0
181	340	0
203	644	0
420	707	0
93	616	0
78	196	0
64	786	0
11	317	0
177	533	0
253	354	0
329	669	0
132	543	0
167	374	0
389	392	0
29	150	0
446	528	0
90	129	0
468	682	0
368	547	0
294	319	0
385	625	0
116	605	0
544	550	0
302	794	0
138	795	0
378	388	0
431	754	0
547	701	0
252	429	0
215	795	0
454	561	0
73	806	0
403	405	0
223	380	0
543	621	0
367	597	0
156	171	0
543	585	0
52	116	0
75	317	0
464	797	0
385	787	0
565	570	0
69	791	0
587	683	0
559	599	0
570	600	0
117	571	0
19	253	0
74	586	0
29	501	0
360	564	0
36	567	0
218	446	0
271	424	1
637	765	0
97	551	0
39	700	0
373	755	1
62	359	0
458	493	0
174	669	0
356	512	0
160	507	0
593	619	0
5	653	0
49	533	0
395	737	0
521	540	0
143	531	0
37	60	0
536	757	0
331	467	0
278	318	0
135	739	0
317	796	0
264	408	0
131	646	0
288	526	0
416	563	0
199	728	0
93	373	0
221	416	0
205	795	0
169	285	0
614	697	0
335	424	0
139	629	0
156	525	0
381	788	0
386	629	0
388	477	0
314	757	0
30	581	0
390	582	0
121	229	0
16	23	0
288	748	0
363	408	0
700	787	0
537	731	0
456	774	0
73	475	0
435	668	0
185	753	0
148	483	0
166	326	0
262	415	0
135	167	0
152	625	0
70	747	0
710	793	0
568	770	0
182	198	0
3	561	0
296	581	0
153	508	0
467	483	0
637	700	0
103	320	0
140	718	0
163	183	0
69	635	0
298	594	0
171	736	0
7	126	0
45	199	0
430	643	1
436	708	0
219	252	0
2	666	0
24	510	0
78	177	0
400	472	0
393	783	0
11	200	0
379	498	0
306	772	0
327	626	0
147	504	0
43	187	0
65	647	0
82	735	0
105	134	0
436	794	0
272	779	0
259	431	0
189	766	0
571	780	0
191	633	0
473	793	0
464	637	0
277	321	0
132	386	0
43	89	0
66	410	0
359	771	0
30	353	0
323	505	0
694	792	0
511	580	0
518	569	0
354	385	0
100	237	0
228	442	0
191	310	0
98	182	0
53	632	0
87	481	0
34	751	0
348	632	0
424	751	0
132	160	0
590	722	0
463	662	1
442	580	0
164	529	0
352	785	0
259	473	0
498	563	0
382	605	0
249	399	0
341	487	0
684	697	0
460	590	0
237	342	0
311	755	1
312	723	0
386	678	0
169	206	0
207	514	0
647	801	0
118	251	0
669	745	0
193	208	0
50	379	0
322	500	0
382	572	0
329	432	0
535	704	0
60	288	0
151	219	0
45	564	0
62	402	0
265	588	0
415	710	0
8	506	0
93	296	0
390	735	0
57	754	0
45	531	0
524	550	0
464	796	0
268	484	0
126	432	0
456	668	0
74	87	0
501	557	0
314	550	0
187	284	0
204	726	0
135	596	0
391	494	0
47	376	0
340	502	0
143	619	0
415	484	0
145	256	0
109	719	0
3	254	0
560	737	0
425	528	0
118	679	0
357	597	0
193	540	0
173	441	0
527	691	0
126	146	0
36	126	0
111	538	0
646	733	0
261	799	0
542	672	0
684	691	0
175	533	0
183	671	0
399	641	0
145	546	0
296	658	0
120	630	0
63	532	0
27	514	0
501	661	0
33	577	0
125	315	0
291	409	0
20	697	0
731	775	0
425	626	0
119	797	0
356	448	0
84	576	0
334	531	0
271	616	0
231	354	0
344	481	0
241	695	0
2	719	0
167	651	0
205	468	0
8	784	0
392	655	0
154	562	0
85	782	0
177	371	0
305	390	0
404	755	0
469	601	0
592	606	0
440	667	0
442	554	0
21	450	0
30	439	0
511	749	0
82	304	0
159	436	0
287	643	0
183	466	0
737	761	0
190	346	0
281	606	0
452	698	0
86	795	0
177	605	0
495	729	0
586	755	0
381	469	0
600	666	0
20	253	0
96	619	0
43	52	0
377	626	0
82	594	1
156	461	0
51	545	0
68	641	0
234	681	0
175	268	0
76	180	0
204	449	0
167	207	0
151	714	0
354	562	0
45	730	0
365	691	0
657	705	0
87	276	0
289	325	0
454	633	0
126	506	0
221	770	0
57	225	0
313	335	0
501	734	0
193	623	0
209	494	0
262	624	0
29	155	0
545	754	0
128	174	0
255	615	0
470	519	0
330	650	0
248	720	0
492	609	0
548	777	0
99	459	0
101	669	0
123	465	1
394	667	0
108	267	0
495	547	0
638	706	0
56	406	0
312	768	0
386	539	0
518	720	0
186	793	0
80	492	0
463	539	0
155	474	0
182	541	0
269	366	0
382	713	0
346	547	0
347	774	0
478	655	0
114	519	0
348	781	0
99	169	0
586	723	0
190	752	0
341	364	0
416	669	0
515	763	0
532	571	0
89	529	0
260	774	0
524	635	0
534	630	0
461	618	0
395	553	0
13	250	0
142	486	0
127	236	0
662	745	0
427	622	0
149	522	0
369	556	0
98	482	0
406	427	0
135	555	0
338	437	0
301	319	0
528	653	0
340	411	0
303	785	0
658	768	0
108	207	0
19	710	1
3	77	0
496	573	0
10	723	0
176	567	0
28	520	0
253	567	0
588	618	0
239	516	0
404	559	0
239	558	0
465	591	0
122	451	1
68	508	1
196	713	0
378	564	0
407	675	0
1	301	0
392	652	0
24	634	0
116	480	0
101	628	0
373	511	0
162	728	0
91	348	0
664	699	0
239	474	0
97	501	0
37	391	0
75	569	0
211	381	0
175	670	0
396	432	0
482	541	0
2	800	0
3	521	0
352	423	0
79	306	0
281	367	0
245	550	0
28	657	0
410	525	0
206	262	0
124	665	0
231	727	0
215	306	0
306	746	0
415	785	0
276	438	0
188	650	0
392	724	0
29	650	0
529	706	0
180	522	0
16	539	0
552	637	0
113	537	0
257	263	0
439	571	0
100	353	0
318	696	0
154	697	0
25	426	0
12	559	0
290	457	0
59	524	0
65	591	0
263	510	1
465	723	0
165	536	0
141	425	0
482	723	0
24	676	0
623	682	0
574	728	0
665	732	0
671	807	0
243	456	0
280	382	0
176	447	0
734	770	0
327	344	0
20	256	0
169	586	0
529	778	0
540	591	0
771	782	0
380	554	0
29	206	0
268	778	0
695	697	0
511	540	0
384	603	0
152	551	0
296	686	0
468	705	0
606	776	0
723	731	0
386	588	0
42	250	0
373	716	0
299	729	0
28	57	0
194	465	0
101	421	0
640	699	0
487	669	1
255	744	0
535	554	0
58	739	0
665	792	0
232	556	0
515	593	0
377	378	0
484	570	0
32	171	0
160	464	0
198	376	0
532	616	0
570	679	0
365	489	0
94	185	0
129	511	0
499	779	0
43	621	0
472	518	0
126	750	0
127	307	0
229	283	0
61	129	0
248	632	0
272	439	0
31	569	0
342	682	0
92	569	0
623	783	0
746	799	0
666	760	0
387	505	0
631	784	0
154	404	0
156	554	0
64	724	0
253	618	0
73	220	0
588	741	0
37	377	0
754	765	0
314	734	0
6	760	0
316	416	0
173	361	0
376	395	0
47	304	0
196	670	0
219	727	0
512	568	0
168	375	0
206	467	0
577	717	0
351	750	0
102	288	0
283	582	0
141	412	0
126	170	0
328	381	0
201	241	0
58	330	0
59	255	0
225	235	0
542	760	0
465	708	0
41	705	0
339	351	0
404	627	0
15	792	0
91	211	0
41	681	0
184	522	0
529	593	0
64	710	0
393	560	0
148	316	0
374	807	0
33	521	0
110	521	0
36	404	0
239	367	0
349	717	0
261	521	0
610	617	0
7	21	0
194	572	0
249	575	0
345	696	0
181	290	0
103	391	0
667	744	0
168	691	0
79	391	0
483	518	0
101	219	0
85	710	0
600	726	0
160	739	0
33	363	0
50	651	0
676	683	0
200	228	0
141	678	0
383	797	0
263	333	0
105	169	0
251	579	0
90	799	0
181	196	0
241	345	0
204	299	0
25	616	0
462	727	0
525	779	0
251	768	0
548	636	0
56	786	0
777	781	0
138	403	0
695	717	0
525	621	0
685	709	0
29	33	0
195	329	0
52	198	1
15	498	0
642	664	0
214	622	0
226	561	0
78	534	0
280	457	0
100	202	0
228	391	0
768	806	0
18	325	0
146	398	0
57	793	0
185	332	0
132	205	0
632	675	0
562	774	0
337	633	0
411	798	0
51	311	0
269	468	0
513	542	0
308	398	0
271	314	0
293	478	0
487	602	0
756	780	0
62	149	0
523	613	0
302	612	0
319	526	0
69	679	0
86	271	0
87	546	0
444	790	0
56	334	0
19	322	0
493	775	0
4	22	0
298	503	0
192	798	0
14	459	0
53	623	0
271	472	0
535	703	1
256	783	0
166	262	1
635	732	0
498	750	0
62	503	0
318	664	0
672	773	0
251	426	0
17	54	0
18	777	0
311	396	0
676	729	0
244	593	0
5	541	0
389	766	0
193	277	0
140	308	0
552	583	0
588	698	0
409	687	0
294	565	0
23	105	0
173	316	0
175	274	0
2	568	0
70	76	0
309	780	0
182	522	0
273	494	0
2	164	0
115	597	0
439	621	0
715	770	0
374	758	0
50	152	0
309	507	0
14	519	0
435	622	0
653	676	0
148	637	0
38	523	0
224	235	0
725	792	0
444	480	0
482	559	0
416	492	0
158	690	0
362	553	0
107	358	0
10	31	0
455	800	0
370	524	0
387	512	0
101	396	0
447	656	0
11	298	0
354	724	0
34	471	0
20	678	0
210	244	0
211	309	0
603	631	0
234	254	0
197	778	0
606	622	0
257	429	0
258	670	0
392	569	0
462	486	0
245	542	0
11	122	0
251	593	0
379	516	0
306	690	0
344	715	0
239	240	0
223	671	0
43	301	0
82	333	0
440	464	0
564	761	0
560	578	0
392	398	0
180	706	0
181	183	0
272	765	0
113	545	0
76	435	0
2	522	0
99	530	0
190	447	0
85	587	0
358	625	0
253	261	0
110	246	0
275	415	0
4	551	0
42	382	0
389	505	0
119	380	0
411	559	0
263	454	0
531	669	0
216	645	0
234	615	0
437	511	0
76	145	0
204	478	0
8	689	0
213	344	0
102	632	0
17	581	0
146	355	0
96	686	0
647	749	0
134	448	0
443	513	0
29	182	0
30	753	0
68	588	0
307	780	0
159	791	1
604	794	0
114	318	0
167	264	0
199	470	0
189	304	0
561	709	0
191	390	0
138	542	0
144	735	0
342	790	0
386	564	0
548	606	0
42	178	0
207	668	0
118	329	0
510	749	0
31	785	0
433	759	0
269	329	0
127	405	0
53	466	0
158	455	0
22	515	0
462	550	0
406	674	0
428	587	0
539	726	0
504	572	0
471	712	0
32	211	0
160	280	0
490	627	0
8	643	0
2	503	0
184	398	0
57	640	0
313	750	0
79	711	0
27	40	1
412	742	0
686	752	0
36	778	0
74	453	0
38	360	0
442	609	0
132	378	0
83	369	0
190	567	0
504	794	0
122	457	0
512	642	0
287	411	0
189	631	0
273	313	0
93	344	0
130	450	0
115	640	0
95	510	0
244	804	0
68	719	0
419	661	0
246	584	0
448	801	0
89	561	0
254	341	0
169	589	0
526	558	0
187	396	0
81	641	0
510	524	0
317	513	0
117	783	0
69	96	0
8	333	0
384	456	0
537	694	0
216	523	0
206	267	0
245	303	0
282	475	0
102	232	0
141	420	0
126	226	0
73	502	0
127	783	0
112	604	0
165	558	0
225	275	0
98	515	0
135	138	0
429	489	0
290	762	0
378	477	0
78	608	0
129	469	0
370	387	0
222	672	0
690	718	0
124	630	0
470	622	0
396	581	0
119	140	0
73	720	0
291	361	0
555	724	0
58	100	0
132	803	0
467	727	0
388	693	0
96	693	0
45	298	0
375	551	0
121	572	0
413	774	0
340	794	0
180	567	0
433	795	0
436	729	0
309	341	0
183	444	0
258	533	0
635	723	0
372	491	0
432	690	0
600	654	0
676	739	0
146	530	0
147	279	0
4	628	0
315	605	0
564	588	0
466	547	0
30	416	0
708	752	0
114	241	0
105	553	0
444	786	0
445	631	0
318	511	0
47	679	0
11	469	0
530	575	0
111	472	0
548	692	0
18	491	0
290	644	0
254	685	0
132	359	0
591	802	0
329	765	0
263	699	1
260	392	0
233	598	0
604	611	0
53	227	0
99	416	0
330	654	0
613	741	0
463	643	1
484	801	0
394	521	0
380	728	0
34	752	0
238	784	0
296	503	0
494	510	0
133	236	0
77	691	0
53	372	0
104	340	0
269	284	0
329	625	0
347	744	0
22	700	0
62	173	0
458	484	0
249	426	0
265	653	0
123	321	0
86	311	0
252	555	0
515	621	0
82	779	1
94	194	0
576	589	0
4	238	0
5	691	0
324	702	0
50	284	0
420	555	0
91	516	0
201	664	0
308	612	0
610	804	0
203	326	0
539	601	0
98	112	0
135	661	0
338	547	0
437	560	0
286	771	0
287	494	0
131	509	0
108	185	0
532	683	0
174	536	0
19	600	0
41	240	0
350	394	0
151	605	0
117	389	0
308	348	0
28	410	0
140	426	0
52	528	0
510	647	0
495	760	0
352	378	0
120	774	0
661	699	0
47	287	0
286	573	0
303	641	0
386	543	0
273	438	0
644	707	0
114	696	0
25	309	0
117	637	0
101	738	0
176	647	0
230	462	0
177	210	0
484	637	0
178	365	0
26	566	0
254	448	0
201	212	0
433	709	0
112	489	0
479	496	0
59	210	0
520	576	0
98	692	0
337	404	0
317	501	0
299	534	0
477	697	0
399	740	0
242	523	0
369	784	0
25	87	0
483	783	0
101	452	0
138	350	0
546	563	0
659	784	0
35	42	0
555	675	0
263	752	0
187	231	0
203	479	0
488	806	0
106	509	0
234	310	0
107	588	0
272	551	0
491	685	0
518	650	0
8	781	0
11	130	0
251	537	0
147	450	0
433	563	0
186	420	0
133	763	0
336	505	0
246	796	0
119	518	0
238	617	0
142	587	0
197	740	0
143	533	0
439	683	0
78	281	0
92	743	0
355	692	0
176	289	0
506	552	0
305	515	0
454	696	0
186	646	0
81	484	0
299	429	0
452	507	0
263	526	1
216	637	0
490	513	0
397	536	0
324	520	0
161	551	0
316	680	0
78	571	0
127	372	0
9	16	0
121	662	0
161	445	0
125	612	0
290	539	0
366	374	0
4	797	0
472	773	0
180	254	0
791	807	0
293	313	0
28	212	0
313	732	0
8	423	0
291	535	0
47	104	0
265	344	0
393	403	0
252	728	0
515	568	0
130	582	0
575	790	0
296	354	0
42	138	0
213	771	0
388	402	0
83	754	0
493	613	0
450	759	0
164	441	0
374	439	0
554	765	0
446	512	0
191	700	0
511	709	0
123	730	0
86	450	0
140	347	0
515	726	0
348	573	0
238	761	0
602	730	0
313	806	0
210	605	0
207	362	0
476	486	0
65	325	0
614	714	0
462	543	0
481	566	0
416	723	0
22	789	0
459	589	0
84	86	0
196	520	0
16	414	0
144	227	0
31	601	0
425	800	0
115	632	0
410	788	0
116	295	0
80	789	0
245	453	0
304	409	0
126	344	0
328	495	0
389	645	0
165	644	0
149	783	0
226	402	0
62	788	0
157	788	0
545	599	0
512	781	0
340	670	0
32	711	0
430	467	0
71	734	0
590	634	1
41	543	0
318	793	0
64	680	0
362	397	1
451	511	0
125	369	0
343	702	0
21	182	0
74	431	0
261	743	0
204	623	0
46	347	0
607	734	0
205	266	0
99	795	0
318	635	0
525	727	0
103	431	0
201	419	0
440	741	0
457	521	0
223	698	0
392	710	0
479	716	0
336	342	0
294	514	0
45	370	0
46	565	0
529	685	0
286	681	0
113	516	0
55	697	0
2	551	0
77	161	0
725	789	0
561	796	0
33	475	0
34	116	0
401	671	0
238	396	0
419	722	0
4	588	0
202	440	0
376	661	0
142	726	1
489	666	0
91	250	0
368	549	0
220	542	0
152	358	0
129	154	0
47	607	0
32	268	0
621	710	1
18	307	0
496	693	0
54	638	0
209	420	0
454	569	0
242	341	0
678	742	0
256	627	0
739	788	0
527	575	0
407	468	0
319	696	0
235	565	0
17	378	0
637	804	0
477	528	0
424	644	0
207	699	0
133	292	0
118	354	0
28	30	0
104	428	0
359	588	0
285	617	0
269	292	0
308	318	0
631	668	0
351	447	0
498	668	0
227	422	0
191	579	0
378	623	0
161	532	0
94	154	0
177	260	0
79	738	0
208	521	0
392	538	0
423	764	0
714	783	0
217	365	0
398	682	0
292	377	0
536	759	0
260	738	0
558	628	0
61	164	0
390	794	0
136	709	0
9	601	0
121	376	0
145	393	0
273	348	0
666	733	0
79	768	0
73	80	0
49	757	0
18	595	0
112	339	0
527	589	0
314	755	0
6	741	0
279	307	0
598	599	0
735	738	0
250	449	0
71	557	0
168	340	0
585	634	0
297	624	0
399	781	0
192	330	0
230	406	0
527	718	0
179	628	0
110	712	0
185	759	0
202	703	0
175	444	0
331	785	0
193	298	0
527	651	0
482	671	0
323	641	0
31	80	0
309	606	0
590	705	0
242	595	0
561	578	0
608	645	0
230	240	0
92	494	0
34	327	0
104	485	0
20	790	0
292	531	0
223	777	0
388	722	0
6	801	0
278	602	0
279	759	0
104	671	0
240	569	0
270	730	0
93	729	0
3	721	0
189	794	0
318	742	0
335	524	0
49	450	0
251	705	0
379	500	0
50	684	0
312	443	0
58	163	0
315	560	0
37	582	0
378	638	0
263	432	0
582	662	0
452	511	0
91	169	0
128	477	0
203	563	0
70	344	0
206	650	0
272	303	0
266	359	0
267	514	0
5	154	0
7	370	0
375	652	0
588	784	0
53	142	0
240	395	0
347	481	0
76	225	0
242	249	0
189	478	0
281	787	0
261	701	0
252	290	0
125	556	0
356	399	0
94	453	0
601	763	0
259	656	0
536	545	0
65	193	0
194	487	0
30	513	0
414	736	0
329	596	0
295	536	0
479	688	0
668	786	0
339	527	0
122	133	0
32	101	0
251	363	0
400	686	0
515	624	0
109	137	0
570	749	0
130	526	0
705	711	0
79	593	0
170	287	0
43	551	0
123	409	0
89	485	0
218	515	0
37	77	0
187	560	0
188	495	0
410	414	0
589	601	0
191	756	0
49	118	0
567	685	0
236	419	0
124	558	0
2	359	0
274	640	0
129	475	0
286	357	0
230	705	0
215	321	0
463	572	0
398	545	0
151	443	0
173	287	0
672	794	0
69	222	0
16	486	0
128	672	0
236	321	0
19	797	0
280	539	0
361	399	0
437	540	0
112	722	0
28	597	0
177	181	0
692	764	0
141	338	0
254	421	0
36	120	0
112	462	0
240	531	0
150	224	0
232	434	0
390	691	0
90	737	0
92	439	0
76	780	0
40	266	0
131	725	0
10	494	0
118	583	0
103	273	0
729	738	0
125	313	0
343	358	0
520	677	0
168	553	0
611	706	0
7	463	0
120	167	0
211	720	0
693	732	0
59	385	0
1	18	0
93	652	0
497	515	0
584	598	0
101	129	0
341	754	0
214	608	0
305	388	0
45	221	0
721	754	0
402	534	0
292	646	0
573	755	0
668	797	0
46	718	0
232	351	0
105	215	0
592	659	0
38	525	0
64	781	0
78	258	0
100	478	0
506	533	0
279	778	0
254	579	0
275	442	0
258	589	0
150	782	0
65	530	0
247	270	0
298	558	0
391	624	0
142	654	0
426	507	0
128	296	0
47	535	0
85	320	0
394	423	0
547	631	0
109	442	0
200	618	0
94	534	0
31	214	0
705	723	0
647	720	0
91	390	0
285	783	0
53	275	0
346	783	0
420	522	0
443	494	0
523	607	0
484	689	0
86	197	0
569	617	0
125	673	0
130	611	0
477	600	0
139	470	0
246	415	0
51	159	0
269	364	0
142	202	0
291	652	0
535	625	0
347	792	0
97	621	0
83	558	0
174	731	0
446	604	0
605	717	0
21	474	0
40	795	0
131	228	0
79	730	0
404	470	0
64	129	0
479	626	0
142	484	0
239	800	0
75	771	0
59	390	0
60	181	0
45	679	0
338	435	0
392	566	0
303	787	0
569	762	0
507	700	0
92	710	0
155	744	0
2	250	0
184	649	0
564	692	0
101	656	0
118	790	0
11	616	0
304	510	0
411	434	0
178	411	0
253	565	0
328	500	0
37	468	0
774	791	0
379	422	0
279	379	0
301	479	0
413	677	0
196	715	0
417	673	0
145	627	0
55	144	0
537	657	0
197	761	0
645	806	0
478	521	0
63	677	0
101	626	0
125	506	0
176	791	0
448	556	0
267	416	0
417	531	0
73	401	0
111	681	0
202	759	0
97	267	0
150	383	0
278	800	0
284	805	0
107	702	0
421	694	0
673	691	0
283	779	0
103	394	0
487	555	0
237	660	0
150	673	0
738	743	0
104	727	0
157	371	0
345	723	0
197	594	0
91	499	0
113	543	0
681	797	0
422	633	0
500	517	0
599	795	0
357	412	0
12	553	0
354	661	0
125	144	0
253	347	0
401	690	0
185	235	0
186	276	0
386	482	0
133	779	0
225	762	0
320	782	0
502	570	0
449	686	0
137	361	0
180	298	0
256	330	0
39	81	0
47	698	0
394	456	0
17	627	0
364	590	0
254	718	0
169	584	0
480	775	0
119	212	0
247	387	0
29	204	0
198	770	0
30	703	0
142	789	0
700	775	0
665	728	0
61	731	0
243	744	0
136	238	0
544	763	0
538	598	0
56	791	0
625	774	0
160	244	0
235	584	0
445	554	0
34	533	0
311	791	1
638	698	0
644	802	0
359	555	0
179	385	0
164	555	0
34	796	0
665	798	0
522	689	0
628	753	0
467	506	0
716	736	0
415	634	0
92	789	0
249	590	0
56	291	0
365	487	0
642	747	0
5	662	0
81	240	0
412	696	0
285	678	0
417	420	0
21	514	0
454	726	0
300	697	0
173	581	0
190	637	0
430	460	0
348	685	0
41	211	0
683	684	0
293	732	0
205	435	0
230	649	0
76	220	0
36	463	0
268	430	0
72	567	0
571	591	0
496	727	0
81	703	0
44	581	0
580	663	0
376	397	0
175	489	0
16	46	0
625	659	0
182	479	0
128	275	0
621	669	0
417	476	0
351	744	0
192	367	0
103	123	0
36	176	0
148	458	0
172	304	0
444	589	0
482	760	0
68	353	0
361	505	0
466	616	0
272	358	0
167	623	0
258	265	0
296	620	0
673	750	0
111	399	0
125	481	0
73	286	0
127	599	0
112	756	0
446	479	0
298	637	0
353	766	0
7	23	0
45	224	0
29	763	0
121	522	0
710	722	0
346	353	0
733	787	0
708	775	0
521	643	0
410	670	0
363	623	0
402	606	1
20	81	0
383	799	0
314	370	0
261	297	0
120	445	0
351	507	0
68	805	0
217	613	0
197	711	0
527	642	0
458	782	0
24	131	0
354	662	0
47	745	0
506	589	0
463	731	0
200	452	0
328	537	0
275	498	0
350	602	0
80	106	0
6	390	0
411	754	0
88	613	0
68	731	0
234	751	0
552	776	0
368	693	0
385	743	0
8	358	0
25	648	0
467	715	0
485	574	0
432	646	0
125	519	0
327	463	0
40	663	0
277	422	0
513	574	0
351	453	0
133	146	0
27	435	0
7	761	0
104	286	0
13	636	0
14	175	0
324	771	0
255	569	0
557	754	0
368	403	0
610	634	0
648	805	0
406	533	0
319	520	0
87	572	0
172	656	0
41	412	0
169	215	0
117	681	0
118	146	0
299	596	0
28	142	0
375	443	0
568	635	0
51	215	0
52	772	0
91	726	0
187	535	0
173	536	0
191	723	0
361	776	0
17	52	0
222	255	0
241	622	0
377	645	0
64	201	0
670	775	0
140	310	0
88	255	0
253	667	0
14	747	0
142	476	0
127	166	0
123	505	0
37	138	0
204	685	0
195	532	0
226	341	0
652	784	0
211	251	0
286	747	0
213	585	0
477	583	0
128	709	0
182	520	0
199	618	0
429	649	0
554	631	0
280	512	0
12	79	0
618	790	0
306	364	0
608	724	0
75	553	0
274	413	0
613	626	0
175	626	0
80	772	0
92	428	0
475	476	0
619	674	0
554	681	0
168	484	0
206	348	0
297	640	0
636	796	0
245	762	0
373	437	0
447	658	0
267	488	0
215	406	0
366	550	0
202	527	0
208	665	0
184	264	0
225	358	0
7	490	0
652	714	0
29	558	0
211	311	0
31	480	0
90	556	0
197	776	0
346	466	0
220	447	0
183	293	0
167	736	0
349	733	0
515	639	0
667	760	0
10	301	0
11	124	0
251	595	0
177	340	0
306	688	0
147	396	0
239	242	0
42	602	0
19	364	0
315	706	0
232	356	0
87	755	0
257	333	0
99	532	0
10	15	0
85	585	0
143	653	0
12	753	0
161	169	0
78	383	0
72	348	0
401	634	0
254	548	0
147	362	0
413	551	0
535	790	0
365	493	0
552	677	0
65	565	0
467	515	0
449	662	0
203	414	0
68	680	0
270	356	0
716	748	0
128	333	0
458	716	0
371	633	0
581	798	0
32	297	0
50	362	0
643	795	0
433	626	0
424	579	0
514	701	0
52	75	0
513	719	0
143	444	0
330	661	0
60	622	0
8	401	0
136	166	0
523	562	0
213	440	0
415	796	0
363	487	0
41	367	0
276	642	0
298	326	0
27	268	0
65	113	0
51	130	0
490	590	0
142	239	0
53	464	0
113	333	0
278	511	0
338	682	0
685	770	0
17	483	0
160	282	0
490	625	0
26	451	0
348	631	0
244	512	0
64	166	0
733	735	0
283	452	0
140	331	0
433	471	0
89	277	0
142	265	0
127	245	0
143	624	0
112	146	0
536	724	0
97	802	0
44	751	0
175	323	0
255	489	0
568	741	0
342	720	0
236	307	0
365	721	0
93	580	0
354	589	0
64	68	0
266	640	0
139	402	0
173	587	0
13	437	0
35	325	0
74	165	0
148	684	0
485	617	0
81	647	0
61	425	0
580	751	0
71	337	0
121	134	0
598	624	0
196	720	0
623	740	0
236	721	0
370	735	0
154	322	0
40	187	0
287	455	0
520	665	0
267	391	0
125	327	0
14	261	0
435	765	0
185	530	0
37	529	0
261	685	0
278	773	0
369	561	0
444	629	0
67	722	0
249	667	0
107	725	0
55	429	0
497	689	0
386	442	0
319	456	0
541	774	0
542	666	0
36	430	0
96	145	0
225	499	0
210	361	0
29	675	0
46	515	0
195	199	0
106	278	0
287	767	0
451	739	0
76	578	0
183	446	0
422	594	0
281	434	0
154	672	0
567	721	0
33	273	0
205	789	0
586	623	0
401	725	0
238	474	0
96	511	0
416	622	0
261	353	0
480	736	0
194	772	0
481	495	0
587	807	0
16	720	0
219	507	0
420	430	0
24	251	0
143	802	0
116	609	0
9	361	0
377	807	0
506	645	0
409	448	0
401	503	0
592	782	0
496	698	0
421	755	0
132	353	0
172	610	0
66	509	0
428	756	0
178	739	0
195	259	0
408	558	0
513	698	0
175	281	0
310	752	0
332	408	0
99	383	0
407	430	0
425	430	0
212	582	0
452	754	0
86	107	0
235	623	0
363	562	0
18	139	0
40	623	0
666	673	0
576	673	0
520	793	0
5	415	0
359	518	0
640	722	0
329	631	0
8	259	0
114	691	0
481	668	0
62	339	0
249	424	0
122	166	1
341	504	0
248	338	0
17	466	0
131	342	0
259	429	0
133	396	0
373	791	1
579	596	1
145	753	0
268	677	1
545	698	0
89	448	0
231	356	0
535	737	0
352	542	0
294	657	0
348	792	0
135	663	0
420	445	0
69	415	0
252	779	0
145	455	0
40	171	0
666	739	0
334	525	0
170	530	0
283	337	0
268	395	0
141	147	0
89	738	0
142	404	0
383	448	0
187	317	0
369	690	0
37	462	0
69	119	0
391	463	0
196	677	0
452	719	0
364	499	0
121	146	0
118	646	0
283	639	0
306	308	0
126	141	0
418	730	0
36	157	0
202	357	0
59	212	0
81	636	0
112	422	0
597	604	0
671	805	0
84	641	0
693	797	0
250	617	0
440	491	0
41	690	0
496	581	0
79	142	0
138	348	0
125	476	0
35	44	0
98	649	0
127	690	0
37	646	0
663	694	0
97	379	0
81	798	0
58	677	0
45	251	0
157	449	0
362	769	0
346	394	0
552	721	0
326	748	0
257	491	0
167	680	0
538	780	0
124	267	0
71	739	0
413	618	0
58	233	0
96	300	0
149	286	0
337	410	0
508	596	0
82	275	0
634	804	0
564	691	0
64	382	0
197	738	0
181	237	0
35	136	0
497	776	0
333	482	0
371	787	0
355	694	0
137	335	0
139	364	0
358	575	0
435	738	0
18	442	0
146	647	0
478	739	0
275	473	0
95	696	0
685	734	0
155	639	0
156	300	0
30	301	0
554	660	0
15	411	0
143	214	0
54	439	0
76	219	0
70	324	0
447	624	0
8	331	0
340	703	0
219	296	0
109	413	0
476	728	0
310	503	0
539	642	0
250	642	0
282	665	0
299	333	0
105	526	0
549	613	0
587	702	0
306	432	0
308	437	0
330	685	0
406	526	0
84	412	0
265	350	0
32	63	0
480	494	0
95	149	0
382	415	0
553	755	0
660	689	0
19	299	0
493	800	0
41	423	0
518	691	0
637	679	0
399	477	0
218	585	0
295	572	0
575	695	0
8	135	0
100	533	0
249	309	0
106	726	0
326	467	0
18	800	0
2	445	0
184	584	0
111	738	0
313	804	0
5	550	0
299	777	0
305	724	0
72	681	0
89	333	0
217	384	0
398	623	0
224	484	0
369	717	0
98	389	0
316	460	0
45	650	0
227	763	0
636	645	0
174	395	0
469	538	0
358	484	1
130	392	0
80	791	0
192	241	0
176	726	0
304	411	0
214	441	0
245	616	0
435	535	0
74	253	0
540	558	0
81	719	0
649	717	0
390	745	0
173	247	0
46	127	0
233	404	0
361	367	0
123	792	0
128	536	0
400	797	0
68	215	0
701	736	0
41	541	0
206	321	0
79	253	0
10	468	0
27	606	0
447	633	0
470	583	0
179	651	0
366	523	0
239	507	0
349	767	0
315	475	0
279	636	1
284	778	0
67	682	0
286	328	0
346	511	0
272	502	0
76	676	0
475	708	0
332	574	0
99	797	0
560	793	0
244	466	0
281	328	0
245	519	0
723	730	0
214	574	0
305	370	0
343	414	0
440	743	0
186	471	0
149	193	0
6	202	0
278	559	0
46	571	0
110	467	0
196	236	0
426	553	0
400	638	0
220	762	0
77	95	0
719	720	0
305	377	0
318	347	0
392	665	0
102	754	0
253	382	0
290	488	0
95	527	0
149	419	0
225	773	0
247	320	0
375	783	0
301	680	0
413	494	0
217	661	0
566	703	0
225	527	0
128	354	0
481	792	0
354	518	0
496	758	0
302	798	0
48	649	0
378	384	0
394	493	0
159	329	0
108	537	0
215	791	1
18	305	0
290	714	0
254	747	0
94	604	0
132	313	0
540	686	0
480	804	0
134	475	0
479	705	0
15	108	0
478	686	0
517	679	0
347	564	0
310	696	0
77	739	0
76	601	0
137	214	0
394	719	0
342	777	0
34	566	0
237	477	0
576	745	0
349	587	0
208	749	0
464	647	0
268	527	0
453	759	0
36	563	0
329	506	0
535	587	0
368	483	0
23	279	0
406	645	0
248	697	0
140	525	0
429	540	0
86	381	0
605	643	0
161	554	0
491	495	0
365	458	0
4	160	0
43	586	0
27	65	0
539	573	0
322	543	0
51	71	0
164	302	0
421	444	0
630	668	0
60	143	0
558	634	0
45	605	0
720	794	0
483	588	0
568	714	0
92	536	0
274	557	0
586	630	0
666	731	0
4	454	0
68	392	0
335	436	0
543	641	0
193	411	0
411	460	0
208	283	0
254	316	0
571	618	0
685	807	0
239	712	0
59	318	0
6	731	1
226	453	0
62	679	0
52	511	0
158	550	0
219	564	0
258	456	0
16	765	0
146	516	0
49	469	0
162	684	0
77	793	0
36	213	0
111	627	0
165	567	0
150	181	0
445	765	0
375	701	0
655	683	0
416	456	0
488	578	0
459	471	0
70	508	0
182	218	0
516	750	0
425	580	0
231	651	0
343	461	0
112	785	0
223	779	0
298	606	0
188	734	0
82	441	0
476	742	0
195	234	0
462	750	0
340	769	0
648	739	0
205	445	0
355	528	0
281	469	0
410	755	0
177	676	0
231	617	0
34	39	0
253	401	0
290	413	0
105	339	0
510	544	0
58	161	0
59	728	0
668	682	0
336	451	0
135	359	0
284	675	0
565	734	0
15	317	0
90	217	0
321	461	0
24	224	0
189	762	0
355	718	0
462	566	0
377	778	0
48	294	0
266	357	0
454	646	0
290	383	0
730	803	0
592	803	0
366	466	0
42	268	0
81	290	0
299	503	0
472	591	0
330	515	0
293	669	0
576	650	0
242	247	0
226	720	0
99	322	0
136	216	0
228	422	0
356	371	0
358	801	0
17	715	0
185	365	0
103	770	0
192	607	0
320	388	0
20	169	0
29	292	0
269	501	0
568	588	0
15	241	0
91	535	0
165	292	0
347	641	0
665	804	0
423	620	0
523	642	0
122	131	0
138	748	0
325	558	0
400	507	0
311	719	0
312	727	0
494	707	0
26	589	0
472	537	0
285	764	0
444	804	0
554	729	0
548	698	0
536	678	0
39	557	0
524	647	0
227	424	0
45	560	0
338	570	0
190	683	0
265	624	0
123	644	0
452	566	0
288	447	0
71	348	0
128	293	0
257	544	0
184	512	0
30	363	0
170	575	0
154	344	0
322	658	0
4	664	0
679	754	0
594	666	0
97	146	0
294	596	0
227	563	0
425	485	0
122	327	0
401	454	0
51	632	0
439	510	0
595	641	0
245	443	0
207	590	0
230	289	0
384	692	0
452	577	0
13	261	0
35	213	0
550	756	0
37	399	0
496	623	0
223	371	0
44	413	0
67	580	0
31	161	0
92	433	0
610	729	0
347	428	0
125	311	0
162	291	0
35	51	0
110	597	0
291	413	0
555	696	0
239	307	0
150	448	0
188	627	0
7	457	0
279	676	0
46	657	0
68	201	0
467	493	0
91	376	0
54	108	0
76	748	0
93	650	0
242	708	0
24	431	0
560	801	0
256	409	0
392	691	0
11	155	0
569	597	0
253	452	0
200	208	0
73	678	0
402	532	0
292	640	0
186	399	0
800	801	0
150	546	0
210	505	0
29	177	0
121	690	0
656	739	0
307	689	0
15	736	0
433	776	0
351	732	0
309	451	0
113	706	0
55	739	0
294	409	0
30	762	0
168	797	0
78	256	0
63	212	0
432	677	0
138	253	0
506	531	0
310	673	0
440	509	0
95	583	0
42	337	0
314	410	0
759	764	0
6	444	0
82	590	0
156	457	0
284	310	0
391	626	0
381	670	0
213	511	0
8	463	0
368	623	0
26	577	0
365	400	0
99	273	0
280	405	0
467	789	0
350	746	0
448	614	0
547	633	0
198	743	0
34	668	0
364	763	0
381	563	0
20	479	0
441	646	0
705	721	0
349	741	0
134	419	0
553	626	0
51	451	0
180	229	0
333	539	0
627	692	0
420	575	0
216	370	0
152	638	0
467	627	0
229	624	0
485	710	0
144	574	0
108	263	0
437	517	0
222	267	0
367	742	0
80	480	0
133	378	0
441	764	0
155	478	0
74	624	0
459	649	0
322	421	0
35	804	0
570	605	0
329	455	0
347	794	0
40	544	0
152	796	0
248	753	0
264	374	0
399	667	0
377	467	0
155	314	0
182	804	0
257	659	0
753	791	0
26	464	0
65	382	0
354	638	0
630	783	0
395	557	0
602	655	0
149	534	0
459	674	0
83	270	0
347	643	0
709	718	0
179	432	0
175	358	0
107	116	0
731	751	0
403	661	0
297	428	0
631	697	0
48	314	0
716	737	0
143	277	0
117	324	0
117	537	0
328	502	0
485	647	0
69	699	0
37	466	0
75	611	0
224	295	0
23	771	0
482	611	0
46	96	0
340	645	0
182	352	0
429	749	0
40	345	1
349	497	0
334	351	0
356	595	0
192	436	0
12	231	0
470	687	0
417	529	0
239	486	0
611	659	0
336	591	0
427	664	1
194	677	0
67	689	0
249	694	0
512	578	0
31	42	0
209	761	0
115	221	0
131	576	0
116	130	0
79	318	0
356	632	0
245	546	0
11	54	0
164	622	0
472	652	0
141	679	0
56	367	0
419	477	0
37	790	0
132	770	0
165	179	0
192	794	0
232	302	0
30	225	0
620	641	0
324	454	0
576	614	0
453	742	0
293	785	0
703	730	0
264	617	0
545	794	0
577	692	0
251	651	0
586	640	0
327	566	0
254	530	0
312	373	0
705	789	0
358	790	0
225	760	0
394	806	0
581	651	0
565	790	0
217	696	0
333	370	0
700	714	0
281	687	0
548	683	0
200	569	0
725	802	0
277	430	0
337	640	0
156	348	0
263	664	1
178	644	0
68	624	0
513	645	0
165	410	0
203	219	0
77	766	0
761	789	0
189	260	0
136	144	0
446	585	0
319	641	0
213	398	0
164	509	0
195	320	0
87	421	0
215	592	0
18	236	0
40	588	0
259	746	1
42	230	1
5	498	0
557	709	0
268	612	0
126	765	0
201	607	0
346	656	0
446	712	0
22	607	0
498	631	0
248	670	0
84	268	0
191	552	0
319	615	0
251	277	0
80	548	0
131	181	0
773	782	0
170	725	0
133	495	0
360	763	0
35	593	0
36	766	0
53	696	0
717	737	0
61	157	0
300	699	0
136	300	0
582	791	0
122	413	0
69	370	0
641	785	0
288	487	0
26	295	0
184	568	0
3	28	0
207	228	0
11	569	0
247	743	0
253	614	0
418	541	0
291	793	0
166	413	0
331	520	0
61	383	0
248	346	0
672	716	0
194	623	0
532	668	0
469	650	0
219	555	0
326	781	0
199	529	0
2	79	0
295	726	0
650	803	0
758	768	0
10	578	0
230	489	0
692	694	0
508	523	0
126	174	0
366	665	0
112	520	0
6	542	0
98	599	0
317	695	0
232	733	0
361	511	0
90	679	0
409	713	0
144	275	0
399	709	0
182	255	0
241	785	0
46	738	0
242	554	0
24	713	0
41	685	0
63	552	0
335	791	0
229	304	0
362	504	0
449	649	0
162	363	0
179	802	0
22	795	0
96	235	0
663	725	0
298	635	0
171	763	0
180	635	0
623	807	0
451	760	0
2	691	0
292	451	0
3	758	0
393	790	0
305	450	0
200	232	0
609	668	0
298	669	0
210	449	0
71	495	0
105	173	0
98	430	0
90	795	0
287	583	0
272	804	0
294	417	0
205	250	0
445	587	0
742	803	0
122	680	0
85	548	0
266	334	0
431	520	0
352	765	0
531	694	0
381	409	0
163	730	0
95	671	0
186	665	0
685	705	0
134	329	1
262	786	0
247	496	0
71	458	0
88	615	0
195	333	0
413	414	0
451	674	0
114	391	0
178	470	0
280	461	0
335	394	0
130	440	0
508	542	0
108	681	0
130	775	0
699	730	0
43	798	0
282	762	0
246	315	0
311	415	0
88	645	0
195	619	0
89	236	0
90	351	0
91	522	0
75	385	0
347	676	0
352	778	0
138	713	0
616	761	0
87	574	0
71	85	0
570	724	0
376	382	0
421	690	0
207	565	0
298	499	0
652	742	0
669	768	0
193	207	0
477	558	0
359	734	0
35	764	0
291	582	0
53	619	0
630	807	0
256	771	0
166	314	0
114	587	0
213	533	0
248	553	0
580	653	0
528	555	0
342	603	0
404	529	0
184	613	0
244	605	0
207	331	0
64	203	0
541	631	0
363	438	0
560	743	0
58	302	1
359	444	0
635	740	0
58	726	0
316	465	0
175	286	0
418	673	0
288	626	0
115	539	0
109	742	0
554	629	0
280	514	0
408	631	0
806	807	0
245	422	0
616	710	0
193	523	0
267	268	0
396	488	0
36	71	0
112	421	0
352	404	0
405	406	0
597	674	0
232	682	0
193	545	0
488	564	0
31	204	0
469	799	0
474	619	0
182	296	0
55	218	0
455	796	0
25	99	0
297	646	0
217	595	0
27	573	0
410	431	0
267	490	0
487	655	0
434	537	0
537	538	0
366	743	0
58	477	0
97	305	0
336	535	0
44	216	0
45	177	0
444	484	0
90	554	0
91	287	0
242	673	1
352	433	0
387	802	0
418	750	0
388	449	0
393	673	0
341	731	0
140	602	0
215	246	0
396	556	0
120	731	0
163	779	0
275	709	0
663	753	0
42	600	0
150	519	0
542	773	0
135	465	0
656	760	0
430	759	0
15	655	0
203	679	0
144	488	0
243	358	0
63	179	0
145	577	0
492	575	0
402	723	0
20	230	0
223	441	0
542	655	0
81	400	0
502	608	0
376	692	0
195	408	0
159	765	0
437	507	0
152	325	0
85	425	0
468	551	0
431	669	0
87	271	0
491	600	0
56	161	0
577	582	0
57	200	0
424	581	0
42	412	0
80	231	0
252	694	0
501	601	0
337	712	0
104	237	0
49	352	0
68	584	0
3	386	0
61	769	0
333	540	0
229	603	0
429	578	0
108	284	0
380	473	0
553	697	0
570	633	0
296	430	0
403	658	0
464	653	0
89	121	0
382	726	0
143	348	0
181	521	0
349	375	0
114	540	0
460	496	0
152	769	0
136	390	0
523	786	0
212	369	0
69	552	0
251	477	0
198	324	0
680	707	0
637	781	0
313	754	0
202	517	0
28	259	0
89	283	0
74	449	0
599	603	0
168	397	0
391	795	0
443	796	0
232	635	0
689	802	0
122	469	0
361	635	0
452	582	0
18	760	0
183	726	0
130	478	0
334	678	0
425	650	0
488	755	0
374	679	0
411	427	0
89	565	0
143	784	0
112	370	0
187	384	0
98	317	0
226	486	0
261	345	0
219	791	0
323	576	0
250	480	0
213	732	0
55	137	0
205	540	0
560	629	0
395	406	0
63	642	0
64	356	0
267	441	0
565	769	0
35	165	0
110	747	0
435	767	0
239	461	0
629	800	0
520	567	0
150	342	0
98	543	0
121	486	0
249	521	0
606	618	0
606	703	0
220	494	0
242	626	0
295	508	0
650	733	0
729	791	1
410	562	0
343	464	0
569	782	0
127	617	0
43	508	0
261	589	0
11	35	0
45	294	0
629	642	0
232	307	0
287	761	0
76	636	0
93	570	0
100	330	0
281	432	0
447	487	0
177	711	0
586	621	0
381	383	0
275	334	0
21	318	0
551	677	0
425	514	0
547	725	0
270	471	0
368	529	0
241	357	0
409	643	0
24	253	0
190	302	0
377	805	0
223	266	0
160	781	0
45	293	0
697	764	0
471	707	0
254	721	0
147	249	0
5	251	0
557	574	0
534	781	0
601	630	0
30	326	0
86	563	0
15	54	0
75	363	0
293	688	0
114	463	0
242	280	0
137	156	1
32	422	0
160	235	0
659	729	1
80	338	0
356	376	0
246	355	0
126	789	0
21	37	0
171	380	0
758	799	0
557	778	0
38	95	0
119	150	0
167	441	0
420	501	0
429	722	0
122	164	0
123	325	0
251	264	0
514	792	0
252	551	0
145	155	0
19	382	0
222	411	0
4	234	0
5	703	0
27	155	1
669	712	0
525	593	0
659	683	0
322	469	0
30	770	0
472	506	0
201	668	0
255	465	0
75	183	0
575	738	0
300	720	0
136	305	0
164	763	0
31	576	0
123	675	0
16	295	0
325	803	0
17	242	0
145	453	0
462	593	0
348	708	0
184	541	0
344	734	0
538	713	0
266	723	0
321	644	0
503	692	0
74	116	0
37	320	0
402	584	0
187	319	0
316	409	0
688	690	0
128	655	0
554	589	0
3	193	0
466	614	0
343	545	0
434	767	0
254	452	0
320	750	0
239	624	0
427	536	0
172	335	0
390	658	0
317	658	0
142	597	0
106	199	0
294	415	0
641	752	0
235	489	0
182	272	0
310	453	1
422	771	0
3	511	0
280	792	0
404	427	0
10	385	0
48	212	0
546	591	0
72	218	0
275	543	0
646	754	0
655	788	0
120	198	0
392	403	0
270	742	0
234	551	0
54	73	0
76	529	0
21	344	0
295	369	0
667	674	0
198	314	0
10	227	0
177	658	0
231	547	0
462	737	0
253	487	0
110	336	0
147	454	0
704	726	0
572	637	0
132	658	1
573	788	0
298	678	0
261	306	0
422	588	0
120	420	0
263	356	0
67	127	0
472	717	0
214	496	0
458	728	0
349	805	0
704	792	0
281	573	0
122	661	0
381	495	0
333	433	0
492	519	0
169	572	0
358	555	0
389	495	0
781	797	0
29	88	0
51	512	0
350	646	0
255	800	0
316	676	0
243	636	0
569	761	0
63	425	0
492	633	0
303	414	0
18	627	0
17	513	0
34	673	1
199	281	0
185	315	0
260	419	0
282	743	0
299	335	0
442	484	0
96	674	0
74	581	0
548	660	0
240	293	0
38	232	0
22	749	0
385	613	0
249	473	0
212	715	0
393	407	0
466	687	0
507	785	0
130	293	0
139	784	0
543	774	0
322	390	0
308	725	0
155	579	0
38	458	0
166	287	0
209	538	0
522	527	0
190	657	0
302	303	0
471	706	0
514	623	0
93	506	0
311	423	0
312	639	0
386	794	0
153	573	0
170	613	0
424	694	0
65	345	0
129	517	0
363	748	0
34	737	0
35	545	0
352	683	0
60	84	0
364	579	0
62	574	0
46	163	0
528	750	0
47	334	0
196	628	0
69	258	0
16	402	0
99	275	0
183	798	0
274	598	0
741	784	0
244	792	0
351	580	0
541	692	0
546	798	0
513	800	0
451	789	0
178	442	0
141	262	0
14	556	0
163	466	0
81	717	0
46	125	0
425	449	0
413	646	0
175	603	0
221	233	0
168	267	0
334	440	0
318	797	0
68	542	0
447	635	0
103	197	0
231	784	0
750	768	0
448	613	0
201	325	0
112	664	0
580	760	0
22	341	0
188	581	0
172	450	0
232	621	0
339	467	0
286	334	0
626	645	0
189	451	0
590	792	0
77	379	0
295	388	0
318	639	0
246	588	0
114	460	0
292	586	0
388	649	0
167	346	0
65	185	0
655	725	0
329	459	0
197	563	0
453	729	0
152	293	0
719	722	0
429	717	0
9	453	0
245	807	0
736	747	0
341	536	0
638	774	0
34	112	0
471	664	0
290	486	0
254	527	0
95	521	0
224	622	0
497	503	0
157	632	0
263	473	0
351	468	0
158	305	0
142	730	0
383	616	0
347	360	0
8	415	0
152	362	0
477	486	0
302	796	0
85	404	0
33	57	0
252	427	0
290	712	0
57	179	0
259	555	0
140	341	0
155	714	0
218	350	0
156	161	0
618	628	0
577	643	0
216	460	0
68	597	0
512	639	0
678	794	0
181	786	0
243	730	0
627	766	0
485	670	0
243	713	0
317	338	0
344	350	0
87	446	0
553	604	0
441	558	0
170	404	0
463	553	0
65	106	0
18	227	0
691	714	0
194	270	0
218	440	0
114	761	0
8	214	0
136	491	0
212	350	0
86	371	0
161	552	0
515	681	0
311	538	0
39	315	0
593	621	0
207	421	0
117	567	0
307	499	0
143	537	0
221	592	0
188	438	0
463	607	0
47	509	0
452	611	0
161	778	0
680	774	0
93	335	0
3	123	0
154	501	0
156	523	0
163	353	0
268	543	0
22	164	0
390	568	0
301	403	0
413	761	0
451	570	0
213	711	0
70	208	0
92	312	0
2	80	0
205	631	0
400	431	0
297	628	0
260	648	0
83	504	0
156	636	0
13	368	0
117	765	0
179	632	0
73	477	0
159	628	0
520	540	0
337	464	0
562	602	0
317	730	0
232	715	0
488	580	0
196	413	0
584	605	0
54	791	1
258	744	0
122	165	0
101	280	0
374	772	0
33	552	0
34	323	0
36	437	0
275	599	0
96	136	0
336	679	0
632	787	0
82	439	0
45	193	0
157	391	0
105	110	0
180	600	0
399	510	0
38	650	0
55	360	0
257	465	0
258	522	0
423	452	0
264	595	0
500	713	0
244	651	0
560	653	0
787	791	0
34	37	0
536	626	0
238	317	0
123	379	0
150	759	0
119	458	0
135	353	0
449	762	0
493	714	0
68	772	0
239	443	0
270	504	0
287	570	0
653	679	0
439	751	0
371	717	0
122	717	1
473	792	0
33	84	0
218	549	0
498	672	0
501	695	0
195	296	0
330	513	0
293	667	0
403	581	0
8	261	0
191	316	0
584	728	0
124	241	0
289	300	0
364	800	0
327	428	0
111	501	0
259	660	0
613	628	0
192	593	0
450	543	0
262	537	0
412	430	0
39	136	0
420	500	0
330	739	0
113	241	0
374	424	0
498	557	0
62	186	0
84	470	0
302	389	0
341	481	0
428	719	0
198	298	0
18	68	0
290	801	0
41	509	0
518	633	0
486	708	0
26	587	0
43	539	0
389	571	0
359	765	0
360	677	1
217	220	0
201	743	0
255	316	0
75	138	0
203	337	0
633	740	0
151	209	0
120	529	0
62	404	0
670	750	0
377	422	0
486	715	0
524	582	0
93	290	0
274	764	0
576	772	0
101	791	1
13	33	0
126	442	0
395	462	0
456	642	0
135	195	0
37	171	0
149	609	0
97	144	0
39	781	0
286	714	0
32	549	0
753	788	0
31	579	0
71	636	0
9	179	0
25	348	0
463	502	0
237	321	0
418	693	0
20	609	0
416	514	0
166	739	0
28	349	0
4	300	0
46	437	0
443	772	0
16	248	0
140	263	0
92	435	0
130	144	0
205	748	0
25	126	0
563	762	0
487	690	0
179	709	0
202	558	0
276	297	0
294	743	0
71	281	0
157	506	0
339	395	0
693	728	0
400	517	0
575	626	0
77	259	0
24	433	0
365	764	0
599	642	0
341	766	0
103	499	0
34	214	0
141	786	0
592	596	0
202	768	0
717	727	0
388	577	0
225	609	0
707	805	0
545	571	0
408	759	0
109	577	0
401	646	0
55	765	0
39	216	0
77	101	0
115	398	0
333	507	0
445	513	0
372	615	0
197	504	0
19	560	0
74	722	0
423	745	0
146	670	0
169	711	0
604	625	0
65	534	0
526	645	0
376	721	0
586	804	0
52	276	0
53	125	0
293	558	0
61	318	0
243	611	0
25	724	0
372	773	0
213	263	0
252	467	0
273	690	0
259	611	0
705	727	0
156	233	0
178	625	0
367	766	0
255	621	0
437	752	0
60	525	0
596	687	0
465	560	0
561	740	0
212	688	0
138	575	0
452	749	0
215	575	0
365	366	0
661	705	0
683	777	0
26	572	0
43	758	0
283	707	0
65	82	0
635	731	0
66	781	0
104	488	0
14	21	0
718	769	0
675	709	0
13	470	0
62	289	0
191	647	0
72	622	0
674	703	0
130	641	0
95	315	0
128	640	0
230	277	0
304	660	0
182	503	0
178	181	0
731	803	0
571	694	0
364	494	0
395	800	0
404	727	0
60	177	0
481	492	0
45	675	0
122	502	0
107	474	0
287	378	0
329	550	0
507	688	0
1	517	0
199	670	0
19	716	0
631	699	0
10	733	0
192	232	0
193	577	0
156	627	0
50	202	0
178	407	0
68	413	0
126	289	0
73	187	0
435	572	0
37	464	0
26	99	0
336	803	0
649	726	0
345	588	0
376	484	0
598	659	0
323	575	0
430	769	0
213	767	0
107	404	0
71	753	0
590	611	0
274	789	0
3	337	0
131	676	0
508	592	0
434	591	0
73	405	0
456	491	0
111	693	0
58	291	0
276	350	0
404	779	0
22	334	0
315	432	0
617	720	0
69	79	0
104	573	0
157	557	0
84	755	0
158	798	0
505	546	0
1	193	0
55	434	0
77	342	0
295	483	0
187	505	0
318	576	0
673	695	1
33	720	0
231	717	0
380	777	0
12	47	0
388	662	0
443	453	0
154	226	0
450	507	0
330	445	0
107	363	0
168	272	0
10	115	0
86	718	0
161	229	0
34	109	0
432	448	0
327	560	0
227	668	0
350	723	0
196	377	0
82	673	1
526	758	0
284	741	1
159	551	0
74	785	0
227	783	0
219	472	0
168	501	0
434	690	0
258	788	0
41	521	0
190	203	0
506	676	0
236	618	0
18	456	0
290	677	0
539	790	0
42	450	0
260	285	0
7	512	0
158	500	0
397	612	0
75	278	0
38	158	0
475	528	0
385	776	0
713	728	0
8	477	0
222	557	0
191	372	0
229	513	0
32	451	0
289	468	0
19	191	0
80	319	0
65	141	0
104	437	0
359	551	0
51	334	0
396	733	0
38	120	0
60	384	0
443	520	0
481	701	0
522	701	0
173	671	0
191	635	0
265	684	0
278	298	0
69	606	0
426	719	0
515	588	0
214	653	0
130	754	0
153	659	1
80	605	0
43	611	0
304	801	0
279	655	0
231	510	0
101	463	1
162	296	0
329	370	0
194	675	0
115	789	0
187	636	0
369	625	0
443	726	0
61	155	0
83	703	0
264	483	0
163	193	0
448	607	0
605	606	0
416	558	0
145	416	0
365	517	0
26	165	0
706	707	0
11	571	0
322	728	0
368	750	0
35	433	0
571	579	0
164	235	0
112	300	0
594	608	0
187	346	0
98	371	0
120	807	0
671	740	0
361	707	0
288	711	0
606	664	1
182	467	0
153	207	0
102	218	0
12	54	0
497	594	0
533	628	0
767	805	0
111	600	0
194	761	0
520	609	0
225	237	0
559	704	0
671	794	0
174	294	0
250	648	0
606	741	0
555	765	0
430	553	0
447	715	0
49	136	0
729	734	0
755	785	0
487	762	0
73	258	0
624	759	0
181	493	0
23	628	0
103	390	0
116	791	0
244	332	1
392	589	0
85	704	0
438	500	0
86	635	0
124	298	0
140	519	0
125	223	0
344	576	0
312	420	0
292	730	0
42	757	0
388	537	0
315	555	0
65	700	0
564	658	0
105	147	0
68	801	0
217	617	0
270	541	0
54	372	0
510	649	0
204	289	0
189	723	0
264	662	0
122	694	0
267	541	0
531	696	0
364	543	0
522	669	0
94	688	0
510	741	0
405	647	0
246	543	0
424	546	0
178	727	0
30	268	0
747	778	0
49	607	0
515	803	0
398	496	0
550	790	0
145	773	0
256	473	0
384	654	0
114	389	0
385	763	0
220	351	0
25	652	0
228	397	0
265	413	0
209	688	0
252	283	0
290	568	0
19	106	0
534	799	0
441	700	0
27	439	0
389	804	0
194	412	0
88	647	0
640	750	0
480	756	0
240	322	0
22	654	0
242	432	0
596	743	0
226	271	0
619	718	0
463	665	0
85	102	0
86	257	0
335	574	0
146	170	0
131	258	0
403	745	0
153	766	0
349	600	0
118	150	0
653	697	0
231	397	0
268	665	0
291	584	0
53	547	0
203	436	0
166	312	0
61	78	0
62	505	0
264	304	0
31	650	0
292	678	0
469	473	0
2	412	0
222	227	0
494	772	0
524	569	0
419	767	0
193	495	0
66	535	0
231	371	0
14	751	0
456	615	0
112	249	0
149	588	0
421	727	0
60	121	0
83	456	0
197	432	0
152	528	0
601	779	0
236	346	0
18	549	0
222	797	0
280	516	0
117	233	0
53	395	0
283	651	0
453	543	0
386	491	0
421	715	1
165	675	0
59	160	0
352	406	0
61	498	0
465	649	0
407	746	0
273	616	0
249	786	0
175	638	0
16	157	0
1	367	0
384	401	0
223	516	0
688	746	0
296	701	0
478	709	0
245	710	0
192	510	0
637	708	0
563	737	0
406	460	0
491	617	0
487	649	0
127	742	0
393	676	0
37	714	0
171	584	0
444	732	0
84	555	0
529	610	0
45	464	0
21	337	0
497	538	0
109	700	0
492	718	0
475	791	0
86	532	0
124	735	0
477	537	0
238	339	0
298	748	0
171	374	0
7	132	0
440	465	0
46	602	0
285	482	0
345	527	0
287	660	0
552	571	0
38	538	0
220	729	0
183	455	0
538	754	0
333	470	0
190	417	0
63	189	0
335	696	0
11	350	0
328	682	0
57	492	0
510	694	0
95	620	0
223	443	0
59	586	0
405	554	0
389	469	0
233	723	0
159	767	0
293	521	0
99	758	0
123	236	0
621	677	0
99	667	0
364	658	0
259	518	0
132	280	0
299	377	0
677	789	0
323	399	0
90	398	0
53	314	0
356	631	0
256	570	0
293	363	0
60	618	0
291	515	0
152	613	0
227	235	0
115	283	0
86	178	0
415	792	0
161	745	0
380	475	0
593	719	0
730	795	0
280	324	0
403	660	0
170	393	0
43	653	0
209	677	0
28	127	0
179	509	0
53	476	0
181	535	0
535	616	0
411	746	0
39	601	0
338	678	0
466	659	0
354	538	0
71	200	0
40	804	0
238	715	0
259	450	0
408	776	0
80	549	0
154	308	0
544	566	0
139	680	0
321	781	0
198	694	0
377	643	0
443	798	0
734	772	0
62	612	0
264	443	0
151	713	0
356	769	0
286	696	0
123	630	0
567	729	0
92	767	0
54	394	0
438	535	0
19	691	0
595	751	0
478	500	0
425	648	0
33	55	0
137	681	0
49	276	0
88	334	0
253	556	0
269	775	0
163	284	0
112	372	0
75	632	0
98	315	0
83	85	0
746	767	0
540	581	0
413	732	0
175	429	0
303	600	0
535	776	0
205	538	0
296	778	0
387	725	0
656	793	0
118	553	0
432	506	0
569	783	0
269	745	0
37	541	0
240	615	0
559	760	0
249	671	0
286	372	0
93	790	0
332	754	0
319	500	0
124	652	0
50	619	0
380	742	0
141	640	0
21	90	0
225	503	0
48	532	0
121	710	0
362	696	0
243	521	0
373	627	0
129	201	0
55	444	0
347	557	0
372	497	0
158	473	0
33	277	0
363	601	0
586	619	0
312	348	0
4	626	0
140	383	0
43	156	0
724	765	0
391	734	0
207	481	0
324	643	0
241	283	0
439	754	0
354	602	0
9	365	0
458	688	0
122	750	0
48	709	0
394	465	0
56	208	0
111	298	0
186	607	0
170	184	0
677	714	0
246	583	0
686	800	0
104	294	0
268	797	0
216	534	0
357	639	0
381	683	0
234	803	0
468	719	0
99	419	0
368	753	0
39	398	0
105	755	0
61	690	0
99	355	0
539	571	0
256	550	0
398	729	0
724	790	0
252	323	0
18	135	0
146	464	0
311	782	0
41	318	0
441	756	0
133	214	0
27	383	0
134	561	0
28	44	0
601	790	0
344	489	0
614	763	0
610	624	0
613	711	0
227	404	0
458	485	0
319	588	0
235	641	0
87	736	0
696	749	0
56	268	0
184	449	0
238	628	0
313	675	0
629	661	0
231	469	0
481	588	0
150	620	0
307	445	0
308	610	0
37	108	0
535	765	0
500	605	0
459	726	0
558	582	0
151	244	0
467	492	0
145	443	0
623	752	0
718	776	0
221	368	0
666	751	0
101	778	0
283	341	0
268	391	0
35	404	0
239	668	0
442	510	0
209	763	0
679	791	1
580	696	0
113	230	0
47	293	0
213	525	0
16	455	0
386	540	0
54	515	0
1	437	0
273	424	0
321	475	0
150	388	0
577	762	0
425	629	0
304	322	0
26	567	0
202	353	0
522	656	0
97	413	0
405	460	0
707	708	0
437	581	0
84	653	0
250	629	0
658	684	0
133	756	0
681	725	0
41	694	0
79	138	0
63	561	0
10	399	0
48	214	0
190	569	0
358	503	1
659	790	0
487	721	0
570	731	0
37	642	0
96	194	0
22	318	0
188	530	0
82	493	1
390	434	0
194	723	0
301	781	0
324	434	0
107	578	0
551	685	0
54	79	0
15	537	0
242	743	0
538	776	0
667	676	0
599	673	0
437	516	0
103	534	0
393	487	0
569	630	0
5	364	0
200	207	0
238	267	0
43	553	0
43	363	0
315	526	0
449	560	0
238	622	1
285	426	0
656	706	0
472	719	0
180	640	0
197	750	0
397	471	0
241	438	0
422	717	1
22	155	0
443	578	0
696	734	0
401	582	0
95	676	0
132	434	0
479	773	0
405	610	0
209	289	0
173	725	0
523	774	0
128	265	0
293	705	0
39	477	0
385	670	0
151	743	0
78	573	0
48	624	0
657	678	0
184	665	0
363	645	0
109	409	0
56	91	0
185	313	0
403	494	0
556	728	0
282	741	0
375	506	0
216	353	0
434	488	0
688	796	0
271	303	0
165	360	0
472	498	0
97	674	0
653	742	0
191	452	0
633	726	0
70	671	0
395	762	0
205	291	0
455	467	0
493	796	0
178	198	0
313	590	0
244	678	0
80	463	0
388	408	0
320	382	0
126	646	0
566	675	0
53	532	0
270	655	0
113	265	0
442	705	0
114	546	0
423	646	0
174	760	0
74	439	0
395	529	0
385	579	0
57	706	0
602	731	0
95	286	0
542	649	0
80	749	0
365	628	0
562	673	0
65	351	0
126	608	0
142	453	0
571	725	0
112	222	0
459	579	0
633	780	0
120	697	0
571	664	0
211	226	0
545	710	0
340	454	0
255	403	0
39	649	0
2	219	0
19	747	0
222	806	0
371	488	0
64	384	0
139	478	0
66	722	0
50	239	0
13	505	0
306	325	0
73	86	0
37	499	0
709	795	0
240	259	0
6	642	0
232	689	0
323	538	0
31	213	0
303	528	0
164	383	0
144	391	0
26	287	0
334	446	0
742	749	0
64	686	0
379	787	0
306	423	0
344	718	0
20	649	0
187	694	0
52	578	0
127	142	0
250	760	0
159	198	0
309	757	0
2	799	0
332	570	0
258	693	0
318	637	0
10	306	0
33	755	0
654	783	0
343	410	0
96	349	0
204	645	0
391	768	0
656	671	0
15	692	0
170	514	0
76	390	0
37	189	0
115	472	0
725	799	0
137	286	0
341	550	0
173	466	0
658	773	1
509	720	0
266	756	0
496	657	0
96	443	0
43	228	0
247	348	0
449	653	0
216	688	0
323	372	0
90	137	0
601	656	0
293	532	0
481	796	0
152	364	0
243	632	0
47	613	0
213	333	0
364	687	0
381	519	0
277	425	0
21	598	0
351	435	0
14	655	0
29	171	0
587	705	0
256	585	0
559	806	0
189	293	0
317	336	0
439	805	0
561	722	0
212	634	0
197	423	0
741	756	0
215	625	0
237	473	0
19	218	0
26	706	0
304	505	0
464	635	0
104	402	0
216	236	0
218	390	0
271	432	0
361	760	0
256	663	0
723	735	0
316	799	0
62	367	0
465	540	1
191	585	0
86	369	0
490	518	0
17	414	0
115	546	0
535	614	0
94	156	0
494	666	0
79	744	0
170	692	0
363	401	0
65	394	0
236	680	0
527	784	0
127	220	0
164	298	0
353	375	0
120	614	0
227	650	0
9	579	0
123	621	0
567	756	0
568	718	0
108	255	0
1	723	0
183	719	0
280	362	0
408	715	0
163	469	0
11	550	0
49	751	0
158	530	0
297	564	0
74	138	0
37	262	0
23	215	0
227	616	0
361	702	0
32	650	0
317	553	0
54	715	1
419	749	0
445	734	0
451	776	0
64	283	0
259	641	0
374	632	0
250	632	0
269	708	0
36	209	0
20	574	0
202	350	0
724	806	0
136	775	0
211	333	0
174	323	0
272	327	0
590	715	0
607	683	0
3	569	0
234	538	0
393	597	0
447	750	0
461	707	0
177	510	0
34	321	0
487	537	0
153	178	0
275	601	0
572	705	0
340	667	0
208	468	0
315	360	0
524	573	0
120	256	0
648	660	0
195	238	0
512	700	0
345	669	1
453	554	0
38	648	0
76	603	0
702	739	0
78	185	0
9	406	0
281	473	0
48	508	1
102	771	0
358	665	0
223	566	0
200	263	1
387	711	0
57	386	0
440	797	0
186	358	0
738	795	0
225	692	0
74	429	0
378	639	0
121	779	0
285	402	0
307	710	0
324	680	0
16	745	0
54	337	0
451	754	0
15	748	0
48	730	0
426	784	0
638	691	0
548	671	0
432	492	0
592	807	0
20	336	0
21	761	0
262	765	0
526	606	0
194	223	0
51	634	0
323	481	0
52	161	0
162	733	0
398	461	0
610	727	0
347	487	0
235	497	0
354	409	0
281	789	0
468	657	0
584	730	0
550	616	0
327	430	0
44	316	0
539	590	0
276	536	0
427	588	0
273	686	0
299	649	0
7	728	0
66	180	0
640	715	0
329	606	0
75	430	0
363	753	0
338	788	0
138	744	0
32	123	0
161	601	0
56	369	0
274	472	0
133	403	0
669	737	0
508	674	0
359	767	0
89	495	0
307	416	0
673	719	1
352	631	0
39	553	0
120	531	0
338	566	0
212	483	0
197	369	0
144	771	0
198	202	0
236	409	0
348	739	0
402	455	0
615	671	0
541	600	0
247	571	0
135	201	0
35	507	0
335	558	0
302	452	0
421	714	0
61	307	0
520	661	0
134	379	0
589	627	0
446	791	0
196	590	0
568	601	0
1	424	0
115	566	0
280	609	0
5	796	0
10	694	0
463	496	0
193	532	0
527	699	0
332	540	0
550	744	0
148	536	0
59	207	0
331	674	0
436	632	0
600	611	0
279	450	0
482	714	0
107	315	0
325	384	0
145	538	0
609	771	0
281	362	0
448	629	0
215	282	0
125	307	0
343	380	0
344	646	0
110	601	0
382	450	0
21	232	0
222	534	0
375	655	0
249	527	0
430	564	0
577	757	0
336	700	0
54	96	0
93	646	0
242	704	0
42	633	0
650	683	0
483	758	0
483	703	0
177	363	0
231	568	0
237	571	0
73	682	0
312	494	0
223	760	0
479	514	0
81	215	0
45	436	0
581	770	0
656	743	0
682	699	0
159	444	0
309	463	0
38	519	0
39	218	0
521	559	0
439	604	0
333	505	0
704	755	0
483	706	0
200	434	0
275	448	0
132	479	0
149	487	0
601	714	0
263	547	0
195	377	0
324	531	0
225	517	0
642	680	0
310	602	0
243	613	0
461	486	0
50	719	0
63	438	0
191	205	0
213	261	0
15	611	0
696	801	0
289	349	0
327	509	0
185	284	0
351	395	0
675	778	0
320	629	0
13	558	0
633	701	0
63	706	0
678	800	0
346	777	0
39	286	0
78	704	0
523	597	0
554	801	0
467	631	0
319	766	0
572	584	0
108	259	0
803	805	0
221	572	0
222	271	0
683	779	0
26	570	0
208	681	0
299	514	0
13	222	0
360	628	1
179	472	0
291	690	0
218	638	0
203	494	0
379	495	0
264	605	0
498	734	0
265	519	0
123	311	0
170	652	0
524	627	0
155	240	0
139	727	0
208	304	0
217	431	0
456	593	0
143	595	0
457	504	0
420	641	0
166	464	0
23	57	0
135	547	0
232	583	0
286	661	0
416	627	0
532	801	0
96	459	0
184	655	0
3	181	0
334	641	0
616	754	0
193	583	0
178	405	0
396	476	0
730	733	0
148	589	0
314	693	0
177	747	0
6	679	0
98	732	0
226	393	0
76	418	0
317	574	0
46	100	0
413	703	0
32	690	0
206	366	0
334	419	0
64	323	0
176	781	0
448	546	0
78	304	0
602	690	0
309	478	0
435	732	0
383	690	0
103	648	0
171	514	0
29	608	0
174	379	0
340	615	0
90	638	0
91	299	0
272	399	0
183	251	1
521	792	0
295	413	0
222	647	0
538	548	0
48	166	1
525	684	0
391	749	0
99	550	0
380	779	0
216	741	0
127	526	0
704	708	0
37	786	0
276	446	0
59	806	0
225	530	0
440	456	0
104	733	0
742	780	0
768	798	0
271	709	0
55	338	0
681	775	0
441	727	0
190	495	0
314	481	0
341	513	0
33	304	0
87	125	0
72	266	0
146	625	0
565	781	0
589	615	0
402	710	1
315	638	0
134	214	0
172	797	0
411	639	0
611	625	0
618	633	0
52	379	0
15	369	0
270	427	1
47	757	0
231	420	0
258	786	0
371	647	0
355	778	0
538	618	0
266	313	0
506	674	0
432	513	0
8	721	0
548	727	0
509	679	0
401	470	0
509	557	0
57	148	0
366	398	0
42	448	0
532	656	0
413	491	0
81	366	0
209	433	0
13	705	0
351	488	0
323	441	0
52	153	1
234	772	0
678	765	0
240	457	0
437	673	0
189	256	0
83	773	0
137	189	0
377	544	0
319	653	0
176	487	0
87	417	0
380	429	0
570	589	0
296	474	0
373	724	0
155	257	0
514	790	0
731	754	0
456	768	0
255	656	0
15	438	0
411	531	0
277	798	0
248	674	0
174	654	0
229	737	0
540	700	0
86	362	0
219	283	0
56	297	0
221	689	0
238	529	0
595	705	0
299	396	0
305	638	0
36	762	0
308	583	0
759	801	0
352	575	0
204	560	0
406	476	0
120	587	0
136	720	0
38	511	0
191	778	0
378	399	0
325	772	0
108	148	0
71	288	0
328	583	0
105	461	0
387	481	0
102	510	0
139	576	0
66	672	0
782	794	0
449	787	0
81	689	0
597	793	0
466	493	0
106	772	0
378	737	0
92	343	0
199	525	0
2	75	0
184	794	0
258	481	0
6	304	0
371	408	0
541	802	0
269	735	0
163	420	0
111	602	0
604	622	0
247	388	0
405	495	0
45	56	0
211	432	0
68	367	0
107	259	0
70	405	0
350	727	0
491	608	0
55	99	0
607	694	0
595	686	0
206	245	0
153	495	0
599	614	0
49	142	1
12	278	0
237	737	0
630	746	0
223	786	0
467	719	0
150	396	0
473	511	0
279	744	0
29	757	0
195	245	0
11	336	0
241	631	0
183	332	0
521	645	0
349	612	0
118	446	0
63	778	0
176	230	0
198	557	0
72	471	0
517	721	0
513	743	0
43	342	0
6	94	0
74	535	0
284	596	0
301	530	0
316	515	0
747	750	0
217	623	0
180	357	0
385	769	0
220	614	0
114	161	0
385	479	0
333	385	0
25	624	0
437	647	0
392	429	0
587	741	1
364	537	0
228	375	0
509	576	0
419	680	0
42	277	0
425	427	0
556	707	0
246	541	0
66	399	0
284	378	0
178	725	0
217	777	0
15	506	0
189	294	0
256	475	0
129	579	0
285	792	0
316	587	0
280	465	0
627	676	0
654	791	0
475	595	0
397	766	0
109	124	0
327	453	0
40	669	0
20	403	0
42	55	0
282	710	0
65	254	0
172	694	0
29	347	0
89	240	0
507	536	0
414	655	0
53	341	0
695	778	0
19	180	0
756	788	0
498	516	0
317	448	0
619	704	0
229	692	0
252	763	0
87	587	0
146	168	0
493	767	0
259	347	0
467	611	0
652	738	0
320	347	0
285	531	0
89	402	0
397	505	0
37	82	0
113	308	0
480	621	0
333	807	0
136	381	0
355	371	0
174	789	0
89	213	0
175	196	0
251	418	0
352	780	0
18	769	0
2	410	0
147	607	0
222	225	0
15	197	0
79	664	1
441	557	0
304	606	0
305	747	0
13	58	0
662	681	0
331	603	0
60	123	0
391	509	0
344	507	0
567	612	0
568	702	0
236	340	0
18	547	0
40	503	0
3	141	0
206	388	0
334	761	0
117	247	0
245	418	0
242	461	0
176	759	0
343	629	0
366	718	0
240	750	0
277	359	0
173	214	0
344	416	0
451	460	0
144	484	0
92	426	0
455	792	0
295	583	0
228	698	0
167	421	0
49	89	0
615	629	0
750	803	0
179	746	0
163	209	0
291	484	0
720	786	0
239	282	0
8	50	0
544	620	0
353	675	0
120	146	0
31	494	0
497	753	0
346	476	0
557	569	0
76	709	0
257	421	0
77	284	0
24	344	0
650	692	0
244	307	0
137	607	0
409	738	0
19	718	0
410	589	0
160	680	0
214	607	0
215	242	0
72	100	0
57	272	0
572	689	0
132	710	0
476	642	0
450	763	0
284	521	0
565	680	0
434	564	0
309	490	0
220	731	0
168	806	0
152	427	0
9	486	0
356	527	0
335	698	0
266	415	0
143	652	0
214	313	0
490	520	0
162	220	0
200	407	0
20	226	0
95	622	0
476	639	0
405	552	0
526	684	0
398	547	0
490	716	0
270	366	0
642	709	0
76	137	0
504	587	0
135	302	0
116	698	0
432	713	0
109	463	1
19	27	0
479	551	0
80	219	0
172	523	0
344	352	0
307	788	0
414	600	0
308	507	0
352	618	0
330	671	0
39	373	0
189	328	0
137	245	0
467	602	0
484	644	0
87	617	0
109	241	0
4	99	0
133	449	0
315	696	0
322	346	0
547	632	0
9	755	0
218	411	0
271	407	0
240	255	0
507	615	0
22	539	0
188	375	0
249	263	1
196	794	0
71	202	0
183	524	0
221	761	0
95	192	0
80	551	0
374	409	0
72	663	0
269	663	0
132	685	0
536	730	0
331	502	0
374	400	0
210	765	0
190	575	0
451	765	1
123	520	0
588	801	0
700	738	0
273	305	0
2	273	0
274	522	0
207	216	0
77	533	0
230	331	0
247	683	0
322	798	0
306	682	0
163	286	0
374	723	0
112	374	0
240	699	0
83	87	0
121	136	0
233	454	0
31	799	0
16	108	0
92	287	0
296	780	0
478	532	0
245	311	0
282	291	0
11	803	0
125	321	0
306	413	0
73	510	1
466	624	0
111	658	0
37	539	0
519	651	0
624	654	0
7	439	0
634	697	0
670	779	0
340	588	0
180	793	0
107	715	0
180	547	0
476	693	0
115	196	0
724	773	0
567	757	0
563	620	0
361	806	0
396	637	0
56	662	0
384	679	0
275	628	0
572	742	0
721	740	0
298	575	0
210	355	0
29	701	0
285	339	0
662	796	0
324	495	0
352	761	0
181	354	0
203	758	0
257	306	0
737	746	0
719	742	0
154	682	0
525	617	0
87	88	0
34	68	0
471	505	0
391	420	0
389	422	0
194	798	0
345	410	0
107	791	0
220	558	0
115	256	0
189	537	0
206	745	0
638	684	0
327	367	0
509	520	0
94	654	0
539	783	0
105	395	0
558	781	0
414	549	0
164	226	0
403	723	0
425	759	0
574	775	0
316	627	0
78	598	0
100	138	0
561	648	0
191	349	0
85	314	0
394	561	0
248	302	0
252	349	0
200	736	0
424	692	1
441	762	0
320	485	0
601	788	0
269	276	0
614	622	0
604	665	0
255	767	0
143	486	0
714	805	0
498	588	0
136	471	0
465	549	0
174	627	0
467	487	0
319	590	0
123	345	0
17	468	0
92	776	0
787	792	0
471	771	0
41	478	0
207	489	0
43	632	0
65	448	0
433	612	0
35	696	0
201	640	0
588	788	0
437	768	0
187	597	0
294	651	0
188	394	0
151	246	0
62	439	0
528	631	0
69	409	0
107	218	0
413	669	0
342	647	0
369	523	0
408	661	0
631	775	0
615	642	0
447	796	0
49	677	0
489	740	0
50	118	0
503	688	0
72	514	0
307	349	0
459	665	0
112	259	0
165	775	0
277	445	0
202	268	0
226	279	1
391	453	0
83	92	0
326	794	0
18	619	0
645	670	0
144	534	0
478	609	0
27	731	0
28	688	0
220	368	0
141	367	0
35	244	1
254	456	0
664	682	0
202	367	0
75	759	0
166	770	0
44	382	0
427	526	0
300	784	0
157	697	0
84	655	0
323	689	0
175	560	0
681	731	0
167	576	0
131	566	0
319	389	0
410	483	0
139	227	0
12	371	0
396	658	0
112	719	0
340	658	0
23	621	0
430	593	0
436	534	0
519	627	0
220	381	0
93	745	0
332	615	0
577	804	0
372	416	0
101	174	0
230	395	0
150	242	0
214	780	0
588	716	0
238	265	0
419	593	0
132	670	0
43	365	0
261	318	0
7	206	0
300	340	0
157	253	0
656	708	0
159	403	0
91	121	0
39	249	0
8	531	0
520	632	0
281	513	0
48	276	0
236	632	0
280	724	0
18	436	0
381	496	0
505	675	0
149	506	0
383	763	0
156	298	0
428	583	0
165	564	0
15	481	0
91	775	0
642	653	0
519	677	0
475	740	0
235	262	0
422	429	0
151	737	0
280	502	0
544	643	0
63	469	0
84	671	0
4	434	0
124	197	0
439	543	0
364	724	0
327	480	0
571	799	0
133	167	0
262	597	0
66	74	0
194	439	0
774	794	0
587	692	0
437	721	0
333	544	0
523	624	0
589	646	0
191	454	0
763	777	0
431	439	0
70	669	0
92	98	0
322	544	0
18	120	0
184	368	0
95	122	0
334	806	0
617	738	0
516	524	0
653	658	0
450	719	0
89	437	0
142	169	0
143	656	0
421	478	0
546	574	0
522	523	0
136	322	0
446	611	0
225	327	0
18	794	0
257	754	0
221	289	0
4	345	0
409	431	0
579	711	0
304	691	0
140	265	0
359	407	0
253	752	0
217	394	0
201	781	0
112	208	0
314	628	0
749	785	0
226	328	0
136	672	0
122	265	0
249	585	0
144	219	0
76	657	0
116	303	0
153	803	0
351	576	0
64	386	0
58	388	0
178	438	0
548	762	0
767	779	0
473	722	0
37	497	0
3	541	0
166	735	0
626	653	0
508	656	0
430	524	0
157	748	0
68	473	0
196	278	0
32	735	0
325	438	0
664	704	1
380	438	0
40	314	0
461	694	0
64	672	0
12	128	0
654	755	0
34	456	0
487	542	0
148	320	0
657	731	0
172	446	0
559	690	0
194	642	0
68	255	0
90	595	0
225	432	0
551	706	0
326	664	0
326	691	0
516	647	0
332	564	0
370	451	0
527	675	0
11	73	0
341	706	0
470	633	0
140	691	0
237	625	0
362	798	0
419	508	0
292	630	0
443	482	0
284	550	0
121	764	0
234	421	0
16	624	0
272	650	0
113	572	0
124	674	0
3	778	0
76	736	0
287	346	0
190	392	0
10	18	0
102	756	0
124	404	0
595	675	0
162	185	0
646	668	0
509	750	0
147	343	0
275	394	0
6	494	0
411	602	0
391	544	0
160	662	0
90	151	0
113	798	0
241	289	0
99	735	0
190	234	0
462	591	0
302	800	0
2	696	0
621	702	0
416	442	0
252	423	0
409	711	0
199	360	0
132	767	0
601	704	0
382	528	0
132	295	0
181	256	0
337	743	0
216	464	0
513	740	0
315	675	0
165	441	0
437	644	0
61	760	0
63	350	0
122	774	0
485	648	0
144	748	0
198	435	0
215	627	0
237	471	0
147	787	0
386	553	0
350	782	0
56	524	0
155	492	0
525	556	0
268	517	0
179	482	0
218	388	0
17	172	0
278	490	0
406	671	0
522	604	0
249	362	1
324	437	0
160	501	0
288	314	0
17	412	0
498	713	0
93	425	0
94	130	0
304	735	0
410	773	0
170	690	0
282	776	0
531	534	0
195	797	0
86	647	0
218	678	0
188	434	0
83	348	0
9	577	0
31	516	0
378	800	0
234	410	0
236	454	0
19	664	1
362	727	0
463	503	1
260	598	0
401	749	0
211	572	0
16	161	0
253	517	0
349	616	0
75	593	0
379	430	0
190	412	0
226	479	0
121	243	0
233	489	0
213	707	0
182	434	0
129	294	0
205	627	0
461	713	0
387	762	0
149	339	0
245	338	0
176	378	0
306	502	0
625	668	0
315	567	0
354	420	0
315	396	0
427	598	0
279	553	0
267	499	0
175	744	0
10	11	0
93	783	0
295	677	0
295	471	0
41	652	0
206	214	0
404	445	0
138	286	0
230	232	0
231	641	0
470	603	0
343	459	0
56	763	0
20	798	0
58	73	0
133	537	0
150	425	0
445	535	0
7	112	0
157	387	0
15	613	0
309	376	0
521	634	0
719	781	0
500	725	0
266	442	0
124	329	0
78	369	0
110	248	0
186	356	0
233	805	0
171	504	0
45	479	0
449	766	0
531	650	0
216	799	0
159	619	0
180	292	0
118	457	0
241	380	0
132	506	0
475	710	0
408	777	0
445	618	0
377	780	0
45	483	0
176	481	0
152	472	0
723	732	0
200	487	0
147	224	0
466	499	0
405	664	0
320	764	0
156	274	0
159	649	0
491	528	0
330	525	0
596	800	0
99	328	0
544	715	0
160	196	0
87	507	0
642	746	0
381	580	0
313	426	0
368	432	0
27	404	0
209	521	0
82	793	0
359	539	0
195	586	0
14	146	0
218	489	0
270	360	1
420	621	0
113	245	0
114	646	0
522	737	0
317	483	0
48	792	0
32	125	0
108	424	0
237	332	0
311	709	0
312	733	0
403	518	0
256	310	0
488	708	0
28	233	0
395	694	0
89	493	0
63	611	0
270	333	0
377	394	0
223	456	0
278	353	0
300	745	0
48	659	0
362	446	0
288	437	0
92	587	0
199	801	0
238	697	0
88	162	0
14	718	0
307	320	0
435	439	0
548	704	0
132	342	0
45	716	0
83	489	0
229	380	0
196	584	0
213	630	0
415	494	0
552	771	0
644	720	0
334	730	0
117	202	0
176	660	0
198	766	0
162	603	0
349	416	0
422	477	0
542	686	0
157	724	0
68	273	0
250	604	0
144	449	0
474	584	0
92	399	0
77	477	0
295	618	0
334	500	0
63	542	0
662	737	0
34	496	0
586	805	0
434	566	0
382	448	0
383	617	0
441	498	0
278	655	0
7	455	0
45	144	0
104	596	0
301	806	0
270	783	0
123	166	0
91	382	0
55	475	0
584	692	0
168	741	0
644	789	0
650	681	0
79	465	0
101	137	0
209	507	0
103	495	0
654	742	0
440	677	0
588	807	0
223	762	0
298	719	0
449	553	0
232	327	0
33	612	0
345	616	0
76	456	0
538	725	0
9	257	0
392	407	0
500	600	0
176	318	0
530	677	0
33	411	0
186	747	0
246	555	0
74	523	0
708	788	0
211	788	0
105	505	0
573	747	0
452	612	0
255	779	0
54	418	0
394	568	0
406	795	0
243	615	0
794	797	0
228	497	0
122	604	0
319	794	0
506	767	0
289	339	0
109	434	0
424	550	0
276	591	0
7	681	0
364	780	0
13	556	0
285	775	0
397	717	0
656	776	0
243	676	0
437	764	0
97	667	0
77	677	0
152	580	0
256	521	0
138	571	0
70	694	0
215	571	0
427	477	0
19	276	0
222	269	0
259	261	0
117	761	0
155	468	1
344	411	0
478	770	0
127	432	0
74	268	0
535	649	0
536	537	0
609	687	0
23	341	0
192	695	0
338	649	0
190	766	0
587	589	0
31	702	0
32	776	0
584	805	0
342	533	0
183	531	0
238	746	0
207	409	0
409	466	0
556	601	0
389	684	0
614	690	0
35	520	0
74	494	0
186	676	0
314	593	0
331	405	0
210	734	0
62	519	0
649	741	0
47	433	0
196	541	0
123	535	0
287	358	0
576	712	0
182	600	0
109	536	0
169	323	0
304	588	0
332	342	0
11	608	0
66	717	0
328	508	1
398	692	0
388	448	0
59	380	0
465	581	0
317	572	0
368	456	0
269	296	0
106	177	0
107	392	0
70	284	0
129	366	0
130	193	0
168	276	0
154	203	0
192	394	0
484	617	0
743	772	0
555	781	0
202	767	0
221	623	0
150	375	0
98	572	0
7	410	0
45	99	0
504	507	0
158	770	0
340	609	0
414	424	0
272	385	0
1	197	0
76	703	0
307	459	0
167	720	0
369	772	0
41	708	0
318	580	0
67	699	0
229	407	0
329	552	0
214	533	0
305	335	0
170	319	0
292	595	0
722	768	0
738	767	0
298	528	0
7	184	0
338	717	0
104	735	0
355	417	0
443	639	0
15	605	0
198	268	0
348	474	0
3	785	0
445	688	0
372	464	0
10	127	0
473	771	0
12	545	0
161	249	0
125	168	0
284	647	0
57	440	0
259	788	0
186	284	0
314	457	0
700	710	0
150	691	0
321	499	0
14	467	0
605	649	0
579	636	0
139	585	0
99	674	0
267	578	0
17	619	0
109	261	0
254	758	0
223	269	0
5	218	0
584	774	0
119	172	0
68	638	0
55	784	0
698	781	0
167	378	0
583	690	0
478	607	0
207	477	0
56	461	0
556	618	0
117	556	0
208	760	0
66	250	0
179	393	0
566	567	0
74	721	0
346	666	0
75	104	0
113	189	0
49	535	0
403	626	0
83	613	0
69	602	0
251	299	0
220	559	0
252	576	0
117	334	0
209	594	0
453	641	0
450	590	0
106	205	0
699	805	0
285	702	0
382	610	0
143	512	0
536	740	0
44	799	0
120	589	0
698	802	0
378	781	0
287	437	0
507	739	0
92	563	0
18	682	0
183	740	0
169	302	0
387	483	0
207	226	0
6	162	0
350	416	0
139	578	0
268	422	0
141	176	0
14	646	0
473	672	0
37	367	0
459	740	0
173	351	0
466	491	0
633	689	0
53	453	0
54	738	0
145	710	0
425	788	0
40	428	0
370	655	0
433	494	0
689	769	0
282	489	0
703	724	0
33	805	0
179	611	0
446	483	0
36	184	0
111	612	0
138	346	0
507	733	0
97	446	0
150	160	0
44	355	0
407	563	0
84	684	0
326	545	0
80	692	0
607	688	0
24	719	0
651	681	0
19	617	0
287	442	0
227	679	0
231	668	0
149	538	0
117	322	0
291	347	0
275	574	0
21	46	0
43	426	0
336	688	0
459	606	0
211	656	0
512	723	0
159	336	0
551	594	0
196	574	0
93	716	0
77	199	0
78	160	0
116	787	0
153	271	1
500	754	0
251	572	0
140	515	0
125	219	0
56	574	0
147	489	0
292	710	0
223	562	0
336	478	0
135	376	0
263	327	0
105	151	0
217	621	0
270	481	0
199	693	0
250	297	0
76	272	0
648	657	0
503	649	0
116	561	0
63	234	0
47	753	0
176	454	0
541	786	0
504	570	0
684	795	0
454	669	0
56	796	0
163	704	0
176	621	0
277	411	0
80	98	0
528	722	0
320	657	0
262	788	0
1	531	0
88	621	0
195	307	0
747	782	0
610	718	0
114	385	0
61	646	0
78	540	0
121	242	0
120	752	0
561	582	0
577	603	0
594	626	0
643	692	1
497	553	0
313	397	0
42	53	0
557	658	1
118	456	0
299	686	0
262	566	0
263	779	1
437	564	0
383	402	0
522	714	0
319	560	0
69	685	0
442	761	0
363	384	0
444	765	0
311	736	0
57	513	0
296	327	0
313	623	0
334	771	0
298	509	0
27	169	0
134	655	0
653	693	0
178	791	0
201	718	0
199	586	0
37	80	0
136	383	0
190	694	0
175	198	0
112	507	0
622	661	0
236	432	0
415	456	0
311	390	0
4	318	0
377	719	0
541	674	0
231	367	0
88	199	0
314	521	0
97	143	0
165	657	0
340	485	0
197	444	0
182	512	0
718	758	0
501	608	0
116	268	0
26	52	0
139	511	0
13	282	0
488	643	0
435	632	0
352	426	0
597	684	0
232	656	0
249	790	0
620	771	0
32	764	0
145	563	0
129	342	0
516	582	0
559	724	0
25	101	0
79	222	0
76	520	0
447	666	0
654	716	0
215	430	0
162	278	0
340	467	0
533	712	0
366	558	0
202	567	0
21	209	0
22	266	0
336	525	0
375	676	0
10	639	0
339	498	0
159	167	0
71	433	0
482	528	0
399	596	0
1	13	0
241	640	0
77	282	0
3	587	0
166	736	0
608	681	0
251	619	0
231	529	0
34	207	0
323	524	0
475	482	0
149	238	0
225	600	0
172	193	0
284	523	0
580	634	0
595	598	0
15	661	0
181	189	0
115	441	0
500	581	0
85	593	0
493	694	0
72	324	0
146	695	0
590	594	0
4	553	0
223	423	0
263	568	0
90	104	0
373	463	1
294	342	0
103	218	0
381	552	0
40	748	1
94	547	0
609	781	0
539	722	0
80	221	0
7	580	0
216	429	0
179	291	0
15	73	0
164	693	0
240	275	0
437	743	0
384	541	0
317	369	0
561	755	0
491	633	0
484	646	0
70	587	0
215	534	0
237	442	0
94	349	0
296	404	0
313	538	0
355	500	0
133	271	0
134	728	1
359	619	0
242	570	0
143	346	0
22	537	0
434	542	0
152	775	0
136	396	0
174	708	0
106	646	0
657	798	0
86	400	0
43	568	0
109	785	0
2	461	0
311	629	0
238	719	0
366	541	0
409	501	0
389	695	0
193	350	0
659	798	0
395	518	0
322	634	0
162	775	0
52	663	0
255	392	0
166	427	1
369	573	0
296	579	0
451	767	0
469	618	0
108	222	0
199	689	0
19	695	0
118	771	0
386	723	0
72	631	0
441	493	0
767	768	0
74	173	0
202	486	0
149	733	0
81	767	0
338	380	0
210	797	0
157	802	0
46	472	0
69	86	0
526	664	1
537	700	0
554	738	0
555	656	0
25	464	0
430	530	0
38	427	0
611	792	0
215	477	0
418	801	0
229	374	0
471	645	0
315	427	0
121	597	0
136	806	0
163	181	0
241	310	0
453	489	0
220	484	0
332	750	0
131	621	0
543	711	0
82	482	1
673	686	0
58	69	0
103	409	0
73	734	0
127	535	0
440	567	0
629	778	0
480	712	0
67	330	0
210	353	0
529	723	0
345	766	0
642	786	0
167	781	0
25	780	0
635	749	0
335	747	0
48	411	0
252	608	0
87	90	0
72	273	0
146	520	0
73	568	0
21	312	0
495	497	0
208	209	0
225	725	0
65	632	0
82	694	0
234	525	0
379	515	0
739	744	0
667	728	0
354	598	0
102	524	0
146	298	0
510	801	0
539	769	0
21	538	0
538	785	0
246	603	0
43	469	0
52	128	1
459	758	0
405	806	0
240	416	0
77	723	0
61	718	0
407	422	0
100	180	0
191	351	0
468	688	0
160	225	0
70	548	0
17	680	0
34	518	0
96	367	0
19	166	0
131	416	0
313	453	0
276	575	0
207	725	0
442	482	0
428	786	0
51	377	0
707	758	0
160	727	0
255	761	0
402	531	0
608	804	0
136	473	0
523	679	0
302	426	0
32	154	0
198	267	0
300	409	0
237	303	0
19	388	0
147	699	0
41	476	0
95	145	0
305	599	0
88	97	0
285	729	0
35	698	0
36	705	0
352	534	0
188	388	0
151	240	0
227	374	0
31	590	0
197	338	0
1	751	0
199	772	0
646	779	0
40	147	0
4	502	0
387	390	0
26	330	0
51	428	0
106	584	0
447	798	0
193	427	0
247	536	0
133	748	0
13	64	0
206	689	0
35	408	0
640	790	0
124	338	0
459	552	0
510	574	0
391	455	0
196	685	0
107	506	0
128	645	0
1	393	0
109	680	0
2	98	0
206	450	0
27	733	0
374	564	0
33	792	0
88	477	0
126	181	0
608	660	0
185	709	0
165	615	0
22	464	0
707	712	0
580	602	0
429	434	0
350	756	0
16	217	0
399	750	0
1	171	0
25	93	0
101	458	0
401	684	0
546	585	0
215	342	0
162	350	0
56	709	0
367	395	0
278	680	0
119	762	0
390	438	0
194	559	0
175	784	0
324	446	0
107	582	0
491	679	0
55	318	0
147	585	0
244	373	0
483	535	0
506	690	0
319	357	0
33	324	0
578	612	0
569	634	0
56	547	0
312	397	0
171	454	0
223	729	0
388	546	0
65	607	0
135	279	0
466	618	0
565	750	0
234	478	0
181	245	0
219	430	0
38	550	0
55	732	0
204	314	0
99	596	0
371	795	0
495	601	0
493	623	0
33	422	0
548	579	0
431	632	0
147	170	0
419	689	0
603	761	0
377	656	0
685	726	0
246	564	0
111	197	0
618	651	0
376	754	0
30	277	0
324	626	0
595	741	0
76	211	0
96	610	0
152	643	0
116	764	0
85	363	0
33	128	0
454	592	0
56	95	0
94	507	0
313	368	0
132	220	0
5	106	0
722	748	0
192	623	0
155	661	0
263	806	0
472	556	0
216	357	0
271	299	0
502	578	0
60	558	0
498	543	0
62	228	0
481	783	0
507	791	0
18	118	0
311	671	0
595	782	0
193	228	0
268	754	0
360	595	0
291	595	0
255	354	0
91	709	0
66	419	0
352	579	0
260	349	0
191	678	0
391	586	0
415	754	0
17	71	0
438	689	0
51	525	0
433	749	0
497	607	0
79	641	0
689	725	0
209	371	0
231	330	0
88	236	0
253	654	0
292	478	0
502	664	0
187	736	0
223	300	0
316	452	0
300	577	0
248	498	0
69	268	0
216	561	0
64	388	0
417	724	0
239	557	0
149	789	0
428	752	0
211	452	0
323	542	0
31	209	0
32	721	0
641	677	0
152	648	0
236	529	0
30	324	0
205	734	0
206	329	0
10	476	0
447	609	0
379	393	0
306	419	0
73	436	0
630	644	0
239	259	0
59	121	0
315	467	0
542	630	0
135	196	0
194	640	0
512	549	0
468	610	0
551	764	0
354	387	0
400	563	0
370	449	0
67	685	0
458	639	0
64	576	0
338	650	0
124	688	0
343	406	0
262	662	0
574	769	0
21	414	0
171	257	0
278	551	0
172	222	0
157	302	0
31	277	0
234	419	0
453	707	0
220	754	0
183	510	0
77	87	0
439	528	0
256	614	0
245	801	0
544	724	0
251	684	0
177	513	0
508	765	1
200	382	0
57	475	1
20	201	0
21	368	0
447	530	0
134	177	0
375	775	0
216	692	0
500	737	0
345	464	0
88	720	0
241	295	0
594	710	0
8	640	0
371	612	0
547	681	0
17	598	0
198	629	0
454	557	0
561	685	0
94	580	0
95	789	0
5	61	0
595	693	0
476	493	0
195	707	0
75	506	0
39	338	0
597	678	0
484	739	0
477	546	0
170	492	0
18	203	0
660	750	0
94	358	0
259	719	0
441	560	0
377	723	0
192	762	0
365	719	0
361	382	0
194	264	0
549	658	0
304	564	0
218	386	1
346	639	0
39	688	0
188	366	0
99	157	0
190	804	0
339	746	0
70	606	0
288	316	0
277	284	0
619	761	0
94	128	0
298	397	0
42	234	0
230	576	0
178	231	0
51	79	0
14	321	0
36	793	0
277	529	0
459	658	0
226	251	0
300	662	0
248	415	0
256	714	0
122	440	0
299	713	0
16	357	0
416	591	0
236	448	0
273	330	0
274	549	0
169	191	0
4	462	0
694	735	0
524	645	0
198	616	0
66	643	0
583	594	0
143	773	0
239	720	0
221	573	0
226	477	0
380	796	0
158	558	0
175	404	0
303	579	0
452	783	0
182	432	0
384	487	0
93	107	0
168	350	0
296	787	0
387	764	0
217	423	0
492	765	0
207	638	0
240	624	0
519	672	0
130	601	0
171	574	0
337	458	0
38	118	0
249	646	0
413	533	0
340	555	0
97	554	0
491	577	0
582	802	0
153	456	0
64	573	0
117	336	0
177	498	0
484	525	0
380	735	0
29	568	0
201	500	0
20	792	0
336	669	0
23	663	0
7	114	0
652	758	0
512	688	0
324	502	0
107	526	0
76	599	0
702	743	0
205	437	0
78	189	0
190	475	0
318	748	0
10	165	0
244	660	0
11	196	0
787	790	0
379	398	0
140	544	0
492	679	0
43	547	0
59	720	0
365	510	0
150	649	0
65	659	0
82	723	0
118	229	0
428	491	0
232	252	0
217	584	0
5	348	0
287	544	0
114	192	0
665	752	0
4	212	0
704	794	0
281	767	0
122	727	0
33	110	0
34	769	0
199	441	0
492	581	0
453	631	0
595	736	0
209	365	0
247	429	0
178	756	0
158	422	0
159	651	1
660	702	0
610	723	0
593	638	0
228	430	0
212	555	0
558	760	0
32	401	0
252	308	0
215	672	0
660	787	0
94	435	0
133	253	0
562	801	0
341	373	0
449	469	0
417	441	0
678	758	0
513	631	0
218	503	0
420	567	0
38	42	0
114	644	0
191	536	0
48	794	0
32	127	0
251	357	0
631	702	0
363	367	0
515	634	0
257	656	0
238	605	0
334	796	0
117	660	0
248	574	0
14	434	0
217	294	0
108	125	0
169	444	0
190	595	0
286	786	0
123	668	0
16	306	0
490	649	0
486	712	0
515	792	0
199	803	0
261	604	0
130	294	0
95	338	0
614	710	0
65	283	0
140	211	0
435	441	0
74	91	0
59	485	0
331	632	0
45	714	0
248	298	0
446	795	0
443	736	0
568	605	0
92	363	0
364	384	0
40	470	0
3	234	0
117	200	0
245	387	0
83	329	0
402	465	0
14	308	0
732	739	0
239	613	0
330	387	0
519	631	0
166	741	0
317	647	0
208	599	0
614	724	0
487	548	0
395	581	0
236	601	0
207	294	0
242	538	0
295	612	0
359	396	0
25	64	0
387	617	0
228	601	0
335	807	0
103	267	0
72	165	0
35	59	0
201	263	1
111	780	0
383	619	0
276	311	0
187	212	0
709	736	0
390	459	0
29	521	0
512	749	0
91	368	0
54	100	0
167	703	0
115	118	0
268	490	0
221	518	0
659	735	0
237	567	0
484	487	0
517	645	0
315	761	0
82	292	0
120	399	0
51	783	0
324	377	0
16	698	0
272	724	0
38	571	0
55	763	0
39	214	0
385	491	0
333	501	0
100	448	0
63	220	0
274	535	0
600	776	0
530	675	0
124	478	0
342	397	0
594	672	0
586	743	0
327	731	0
366	622	0
21	680	0
224	556	0
92	548	0
299	442	0
411	516	0
376	727	0
233	690	0
54	416	0
256	279	0
76	168	0
574	699	1
167	195	0
151	734	0
333	727	0
228	499	0
748	762	0
198	735	0
215	727	0
199	306	0
56	68	0
94	540	0
313	347	0
42	123	1
234	673	0
192	516	0
411	802	0
155	622	0
308	474	0
610	614	0
717	770	0
363	474	0
204	219	0
213	610	0
523	585	0
377	761	0
268	676	0
415	506	0
130	633	0
391	459	0
222	499	0
494	628	0
117	711	0
602	768	0
118	160	0
155	470	0
642	662	0
503	510	1
344	413	0
759	782	0
382	757	0
53	571	0
91	760	0
75	223	0
97	635	0
114	571	0
465	522	0
504	611	0
110	413	0
464	512	0
32	778	0
341	368	0
288	356	0
342	555	0
515	743	0
469	755	0
184	437	0
95	289	0
304	650	0
413	746	0
179	250	0
23	225	0
333	558	0
74	492	0
112	183	0
442	520	0
294	537	0
392	595	0
503	770	0
167	377	0
417	751	0
197	482	0
144	242	0
314	692	0
255	695	0
274	621	0
244	771	0
541	681	0
11	610	0
503	802	0
343	585	0
418	608	0
148	585	0
330	340	0
649	725	0
44	490	0
61	452	0
83	116	0
598	661	0
420	502	0
451	504	0
70	274	0
1	313	0
623	721	0
25	435	0
611	778	0
176	769	0
712	723	0
236	724	0
417	553	0
434	585	0
758	796	0
29	526	0
148	431	0
426	713	0
98	570	0
444	530	0
249	702	0
68	134	0
396	434	0
436	610	0
258	682	0
386	407	0
352	441	0
153	384	0
525	680	0
405	417	0
177	314	0
487	605	0
185	791	0
292	605	0
133	607	0
443	475	0
172	251	0
378	600	0
232	278	0
450	501	0
196	241	0
270	664	0
626	634	0
205	574	0
645	801	0
289	681	0
10	125	0
1	281	0
741	780	0
327	558	0
534	696	0
43	255	0
480	563	0
58	346	0
321	497	0
233	797	0
307	514	0
159	557	0
91	235	0
445	560	0
243	468	0
591	705	0
399	647	0
598	771	0
12	769	0
198	680	0
548	723	0
7	359	0
81	354	0
155	743	0
262	697	0
526	538	0
68	632	0
694	732	0
165	386	0
258	325	0
77	758	0
226	656	0
83	777	0
309	608	0
191	370	0
22	139	0
553	617	0
222	348	0
505	603	0
80	309	0
208	762	0
477	668	0
359	605	0
195	516	0
464	537	0
164	605	0
346	664	0
165	228	0
98	201	0
243	784	0
88	555	0
249	339	0
356	529	0
32	167	0
439	669	0
17	437	0
491	506	0
471	800	0
311	527	0
493	680	0
166	274	0
259	496	0
153	661	0
117	332	0
43	601	0
65	417	0
653	736	0
64	753	0
142	351	0
201	673	1
229	281	0
60	252	0
546	589	0
173	443	0
163	192	0
430	474	0
378	779	0
261	744	0
17	215	0
92	525	0
273	365	0
19	641	0
757	781	0
266	766	0
245	665	0
584	607	0
58	636	1
496	705	0
44	575	0
226	310	0
41	764	0
376	407	0
68	437	0
426	626	0
288	733	0
326	773	0
273	399	0
349	444	0
206	479	0
577	729	0
26	65	0
154	186	0
267	361	0
343	706	0
35	149	0
254	491	0
58	350	0
75	660	0
520	615	0
444	692	0
7	363	0
136	784	0
68	363	0
620	633	0
326	551	0
129	505	0
623	750	0
115	784	0
386	456	0
245	669	0
48	247	0
12	274	0
127	601	0
20	773	0
449	790	0
171	755	0
44	131	0
120	233	0
46	721	0
30	186	0
157	665	0
225	453	0
53	238	0
272	638	0
326	705	0
664	784	0
93	714	0
244	330	0
11	219	0
12	624	0
140	573	0
569	661	0
77	267	0
21	270	0
314	376	0
480	608	0
701	797	0
466	591	0
105	149	0
270	487	0
362	524	0
544	586	0
376	704	0
204	351	0
385	467	0
629	714	0
241	596	0
206	693	0
281	738	0
229	252	0
457	535	0
431	528	0
517	555	0
45	301	0
53	521	0
96	177	0
163	706	0
343	429	0
111	248	0
186	673	1
170	234	0
595	711	0
247	456	0
194	244	0
369	766	0
114	447	0
77	777	0
78	610	0
25	662	0
63	458	0
212	528	0
468	634	0
252	273	0
215	671	0
169	803	0
96	781	0
80	130	0
373	515	0
155	368	0
490	554	0
194	406	0
653	805	0
143	467	0
330	758	0
627	628	0
299	607	0
522	712	0
62	129	0
528	773	0
348	482	0
341	470	0
184	271	1
147	645	0
131	264	0
258	534	0
237	544	0
208	341	0
492	537	0
566	640	0
164	448	0
256	795	0
239	328	0
278	344	0
151	202	0
264	310	0
576	630	0
288	428	0
622	667	1
521	763	0
306	785	0
420	466	0
350	446	0
408	673	0
689	752	0
670	781	0
305	751	0
52	556	0
456	621	0
53	789	0
538	796	0
314	535	0
97	141	0
61	298	0
120	730	0
301	379	0
545	741	1
235	251	0
304	608	0
537	565	0
280	522	0
26	50	0
616	718	0
432	477	0
207	460	0
73	117	0
275	785	0
224	231	0
277	355	0
188	770	0
172	383	0
444	500	0
231	465	0
249	788	0
462	692	0
309	562	0
132	582	0
397	681	0
3	431	0
79	216	0
101	432	0
118	630	0
49	93	0
592	760	0
289	558	0
417	465	0
520	782	0
36	301	0
720	790	0
58	485	0
276	284	0
315	510	0
339	500	0
68	222	0
551	739	0
128	795	0
245	791	0
2	764	0
3	589	0
99	800	0
116	194	0
298	730	0
410	585	0
506	802	0
305	405	0
163	633	0
237	594	0
517	672	0
218	580	0
171	364	0
186	272	0
7	130	0
120	372	0
392	432	0
196	201	0
15	663	0
19	332	0
2	542	0
77	122	0
152	431	0
673	769	0
245	772	0
764	788	0
431	583	0
124	443	0
668	714	0
72	326	0
517	578	0
81	416	0
298	776	0
389	479	0
411	571	0
29	104	0
376	700	0
216	657	0
233	725	0
324	743	0
369	405	0
63	409	0
85	433	0
213	364	0
333	340	0
393	632	0
364	648	0
57	208	0
20	460	0
313	318	0
80	223	0
118	443	0
246	748	0
262	641	0
263	728	1
344	356	0
169	546	0
308	455	0
165	346	0
38	216	0
311	493	0
332	509	0
274	360	0
394	744	0
99	673	0
184	188	0
94	323	0
41	341	0
494	601	0
207	608	0
43	643	0
246	398	0
708	759	0
217	715	0
179	451	0
201	543	0
255	340	0
615	760	0
240	243	0
247	489	0
443	566	0
8	249	0
190	705	0
170	214	0
212	377	0
657	796	0
341	347	0
416	654	0
1	784	0
476	566	0
245	289	0
26	453	0
64	176	0
304	751	0
384	718	0
348	697	0
162	773	0
686	758	0
736	738	0
308	571	0
113	421	0
277	564	0
554	771	0
496	580	0
210	761	0
83	381	0
528	670	0
196	548	0
490	658	0
107	131	0
507	685	0
273	309	0
274	518	0
115	652	0
169	356	0
368	654	0
335	403	0
102	442	0
283	764	0
247	679	0
322	794	0
253	550	0
269	769	0
254	321	0
255	602	0
234	721	0
314	666	0
331	712	0
316	380	0
279	360	1
121	140	0
68	397	0
196	730	0
303	509	0
70	311	0
491	782	0
216	525	0
41	563	0
458	557	0
137	780	0
118	547	0
374	601	0
214	802	0
466	496	0
125	349	0
174	356	0
36	242	0
185	536	0
112	584	0
161	348	0
150	366	0
542	572	0
135	254	0
68	163	0
90	615	0
474	710	0
55	423	0
93	784	0
439	772	0
131	623	0
458	630	0
432	671	0
190	690	0
485	673	0
33	717	0
306	763	0
327	807	0
201	407	0
148	234	0
377	603	0
119	641	0
45	286	0
29	697	0
285	303	0
106	284	0
275	651	0
272	582	0
610	670	0
439	554	0
329	343	0
318	649	0
335	757	0
48	413	0
11	227	0
160	551	0
12	568	0
108	805	0
34	64	0
253	332	0
238	480	1
275	342	0
223	628	0
224	702	0
336	408	0
389	418	0
263	393	0
581	670	0
151	596	0
91	142	0
220	554	0
648	683	0
216	444	0
24	197	0
373	548	0
627	715	0
137	426	0
179	304	0
735	757	0
432	538	0
87	186	0
327	363	0
509	516	0
95	735	0
136	728	0
405	697	0
143	405	0
224	270	0
200	757	0
15	62	0
114	455	0
242	272	0
152	728	0
62	127	0
560	752	0
212	584	0
584	763	0
200	740	0
497	741	0
313	459	0
556	641	0
207	727	0
373	763	0
155	312	0
66	149	0
207	710	0
349	447	0
604	661	0
308	330	0
632	728	0
240	295	0
39	746	0
242	498	0
522	640	0
340	687	0
212	302	0
566	634	0
146	236	0
311	554	0
141	329	0
117	375	0
43	636	0
669	704	0
28	200	0
585	669	0
89	462	0
307	387	0
329	351	0
352	552	0
204	521	0
210	586	0
248	617	0
9	525	0
31	584	0
145	445	0
532	703	0
221	330	0
61	299	0
169	311	0
387	392	0
467	528	0
335	454	0
11	532	0
28	494	0
503	652	0
35	410	1
584	769	0
352	374	0
361	452	0
316	401	0
227	598	0
415	463	0
644	695	0
116	326	0
387	678	0
260	696	0
10	599	0
176	691	0
230	506	0
141	363	0
112	485	0
269	678	0
160	413	0
337	384	0
157	693	0
70	418	0
474	555	0
182	232	0
95	120	0
41	696	0
351	558	0
599	601	0
637	646	0
289	726	0
162	348	0
510	751	0
36	357	0
555	671	0
572	791	0
722	786	0
476	703	0
143	702	0
194	585	0
82	487	0
661	783	0
512	787	0
31	418	0
345	687	1
181	465	0
552	731	0
77	288	0
295	361	0
667	698	0
302	450	0
154	539	0
723	742	0
176	255	0
160	724	0
601	718	0
86	756	0
117	699	0
457	746	0
646	788	0
221	599	0
261	314	0
135	273	0
376	534	0
197	744	0
91	125	0
464	510	0
49	728	1
115	371	0
189	712	0
371	797	0
190	355	0
372	578	0
525	794	0
403	541	0
358	565	0
50	324	0
56	771	0
20	166	0
311	560	0
209	283	0
247	487	0
238	528	0
51	520	0
381	765	0
180	428	0
252	610	0
60	714	0
167	230	0
313	703	0
561	607	0
394	590	0
183	661	0
17	761	0
273	663	0
751	804	0
94	505	0
355	532	0
276	622	0
192	609	0
501	537	0
172	719	0
104	301	0
30	565	0
179	285	0
180	194	0
270	613	0
458	492	0
97	676	0
167	452	0
406	516	0
84	422	0
191	450	0
45	173	0
218	539	0
144	531	0
145	238	0
186	717	0
493	790	0
26	539	0
538	710	0
384	553	0
493	611	0
14	504	0
36	656	0
255	364	0
352	581	0
23	378	0
190	665	0
174	770	0
265	550	0
244	543	0
108	464	0
326	457	0
575	741	1
93	498	0
513	525	0
169	386	0
244	578	0
712	785	0
307	701	0
299	771	0
432	787	0
156	648	1
231	324	0
13	17	0
343	782	0
179	217	0
619	740	0
519	779	0
442	557	0
304	668	0
147	199	0
151	391	0
236	430	0
84	90	0
340	460	0
54	630	0
93	148	0
25	364	0
45	629	0
260	525	0
245	457	0
266	590	0
374	743	0
338	513	0
13	499	0
396	509	0
89	629	0
89	711	0
201	679	0
58	748	0
528	593	0
95	357	0
465	678	0
317	605	0
121	324	0
467	494	0
250	544	0
71	722	0
7	767	0
79	199	0
318	773	0
245	747	0
425	634	0
102	172	0
448	515	0
712	752	0
750	776	0
73	442	0
594	780	0
49	661	0
157	522	0
250	770	0
666	678	0
116	239	0
667	745	0
318	615	0
229	392	0
11	77	0
86	515	0
305	360	0
190	556	0
757	770	0
388	625	0
81	129	0
188	675	0
119	585	0
565	607	0
505	801	0
203	690	0
300	581	0
392	451	0
176	362	0
251	686	0
103	641	0
416	473	0
328	693	0
4	560	0
223	588	0
149	425	0
304	512	0
307	609	0
324	705	0
26	143	0
204	431	0
202	390	0
372	725	0
302	804	0
197	475	0
341	770	0
33	49	0
266	484	0
366	431	0
705	743	0
81	333	0
320	515	0
262	666	0
156	185	0
29	165	0
268	803	0
51	405	0
159	806	0
364	444	0
310	694	0
333	623	0
274	596	0
138	623	0
59	278	0
273	780	0
570	618	0
669	785	0
494	578	0
80	274	0
298	361	0
373	691	0
392	504	0
691	722	0
194	262	0
412	497	0
269	344	0
640	660	0
291	736	0
398	711	0
433	527	0
22	624	0
39	690	0
98	234	0
8	222	0
136	403	0
339	748	0
47	167	0
69	571	0
251	456	0
161	544	0
495	577	0
35	378	0
259	495	0
79	758	0
133	458	0
562	748	0
134	797	0
139	645	0
285	671	0
98	301	0
694	702	0
74	466	0
113	440	0
594	740	0
406	509	0
300	656	0
101	730	0
69	349	0
362	489	0
144	172	0
161	770	0
2	262	0
274	547	0
260	594	0
154	509	0
49	737	0
156	515	0
72	606	0
367	521	0
300	698	0
456	765	0
112	335	0
314	647	0
649	686	0
23	237	0
226	475	0
390	560	0
227	622	0
480	605	0
250	469	0
273	283	0
219	526	0
664	689	0
370	686	0
116	446	0
245	350	0
102	249	0
28	756	0
71	546	0
178	297	0
717	794	0
179	576	0
286	731	0
628	749	0
427	586	0
692	724	0
317	722	0
121	465	0
144	360	0
1	145	0
609	630	0
439	803	0
41	752	0
393	607	0
11	24	0
81	550	0
33	544	0
577	697	0
20	794	0
286	402	0
298	580	0
261	592	0
23	657	0
82	431	1
385	569	0
68	110	0
271	617	0
436	714	0
38	642	0
257	297	0
103	357	0
483	593	0
193	688	0
79	531	0
445	481	0
177	722	0
201	250	0
290	403	0
509	797	0
361	654	0
224	659	0
133	807	0
713	796	0
13	357	0
428	485	0
307	716	0
90	196	0
219	488	0
519	576	0
55	518	0
591	624	0
546	709	0
8	559	0
122	725	0
717	784	0
176	485	0
405	480	0
542	629	0
363	805	0
388	794	0
81	280	0
155	561	0
119	224	0
428	523	0
724	770	0
158	420	0
52	175	0
414	562	0
96	363	0
75	326	0
256	444	0
465	680	0
151	549	0
78	639	0
63	489	0
356	357	0
88	154	0
199	217	0
366	618	0
259	668	0
556	670	0
65	221	0
337	592	0
375	440	0
30	525	0
179	341	0
141	486	0
91	609	0
179	655	0
523	700	0
339	539	0
191	538	0
393	471	0
160	422	0
283	708	0
252	532	0
19	365	0
710	782	0
795	796	0
65	511	0
28	229	0
360	685	0
126	704	0
52	739	0
329	418	0
338	560	0
264	467	0
356	697	0
427	469	1
641	807	0
622	692	0
145	464	0
199	797	0
112	221	0
221	357	0
5	612	0
193	460	0
253	692	0
126	418	0
307	324	0
382	776	0
164	219	0
240	801	0
349	702	0
352	363	0
316	398	0
120	759	0
301	350	0
250	390	0
16	466	0
568	607	0
411	716	0
354	608	0
109	705	0
93	220	0
295	768	0
720	751	0
351	644	0
10	688	0
282	445	0
102	266	0
103	403	0
13	315	0
417	658	0
521	786	0
185	686	0
393	604	0
81	525	0
427	537	0
355	592	0
317	645	0
157	720	0
448	657	0
426	598	0
325	394	0
71	666	0
607	612	0
24	667	0
387	619	0
373	414	0
379	721	0
167	763	0
110	611	0
382	452	0
168	555	0
271	615	0
353	706	0
29	519	0
362	784	0
400	532	0
183	258	0
332	632	0
755	768	0
335	583	0
393	708	0
177	365	0
305	432	0
110	445	0
141	685	0
583	806	0
292	650	0
573	775	0
397	623	0
45	430	0
263	379	0
46	633	0
360	384	0
659	725	0
116	206	0
214	562	0
574	607	0
9	261	0
530	681	0
82	426	1
530	673	0
548	554	0
72	355	0
96	184	0
175	362	0
132	453	0
720	769	0
82	580	0
428	600	0
216	622	0
68	759	0
86	546	0
180	457	0
128	292	0
354	452	0
206	541	0
651	688	0
82	391	0
48	587	0
32	320	0
621	642	0
345	740	0
198	733	0
135	403	0
146	440	0
221	788	0
141	739	0
539	691	0
367	522	0
575	578	0
192	518	0
7	677	0
88	727	0
89	130	0
397	713	0
308	420	0
165	381	0
167	291	0
406	633	0
99	505	0
319	740	0
348	489	0
86	209	0
345	719	0
161	654	0
365	683	0
441	622	0
43	750	0
209	762	0
331	432	0
359	648	0
344	415	0
91	762	0
420	796	0
498	728	0
305	455	0
265	521	0
234	423	0
622	737	0
627	741	0
311	602	0
147	557	0
131	208	0
370	489	0
153	552	0
573	795	0
46	385	0
13	236	0
253	743	0
105	228	0
753	807	0
662	763	0
467	629	0
166	458	0
204	665	0
44	710	0
210	730	0
338	423	0
545	563	0
196	537	0
69	277	0
452	675	0
309	806	0
126	522	0
132	624	0
3	187	0
351	619	0
374	664	0
156	587	0
178	399	0
343	587	0
163	289	0
56	320	0
202	281	0
331	759	0
84	805	0
303	517	0
144	402	0
54	693	0
276	483	0
475	480	0
295	693	0
222	623	0
263	330	0
577	620	0
466	478	0
376	556	0
12	153	0
668	703	0
86	747	0
58	299	0
96	106	0
490	501	0
279	621	0
157	549	0
68	128	0
574	587	0
91	289	0
589	610	0
605	756	0
242	655	0
451	763	0
615	632	0
209	468	0
283	775	0
354	758	0
291	304	0
96	328	0
150	597	0
278	542	0
104	707	0
121	747	0
285	306	0
345	735	0
626	632	0
212	776	0
55	680	0
257	273	0
138	151	0
9	464	0
130	315	0
409	590	0
266	449	0
176	302	0
161	253	0
312	383	0
654	800	0
59	538	0
578	614	0
261	330	0
320	794	0
221	386	0
66	306	0
449	698	0
472	629	0
381	393	0
368	566	0
39	69	0
151	655	0
333	360	0
138	176	0
544	553	0
327	713	0
394	508	0
17	623	0
290	701	0
185	465	0
186	634	0
413	490	0
389	475	0
419	642	0
216	505	0
323	447	0
75	270	0
293	347	0
129	746	0
242	309	0
316	556	0
538	596	0
32	475	0
11	473	0
70	519	0
198	584	0
215	618	0
56	465	0
150	790	0
464	662	0
195	518	0
179	397	0
350	607	0
74	733	0
15	433	0
535	568	0
113	177	0
22	597	0
60	408	0
189	252	0
708	772	0
302	453	0
492	578	0
514	757	0
622	786	0
401	447	0
94	171	0
424	435	0
244	732	0
43	603	0
475	692	0
165	604	0
652	764	0
14	360	0
307	414	0
127	289	0
164	317	0
292	330	0
187	628	0
294	680	0
406	470	0
263	616	0
84	244	0
417	501	0
415	652	0
252	802	0
51	542	0
41	223	0
169	274	0
10	790	0
357	701	0
283	310	0
486	787	0
412	594	0
141	172	0
35	441	0
74	145	0
59	303	0
166	577	0
643	802	1
121	218	0
286	522	0
88	591	0
54	742	0
205	586	0
25	284	0
117	142	0
80	382	0
193	726	0
267	363	0
344	550	0
163	426	0
539	757	0
330	473	0
243	561	0
225	229	0
45	50	0
157	664	0
233	274	0
361	485	0
54	768	0
491	614	0
241	783	0
167	611	0
131	537	0
297	801	0
335	793	0
155	716	0
277	566	0
729	806	0
470	560	0
396	691	0
228	398	0
88	183	0
539	680	0
20	775	0
202	622	0
133	544	0
261	635	0
427	783	0
444	679	0
284	488	0
285	357	0
106	450	0
324	413	0
78	578	0
257	460	0
77	195	0
189	777	0
347	469	0
483	564	0
555	560	0
65	801	0
253	386	0
327	639	0
60	682	0
275	288	0
336	466	0
210	439	0
29	134	0
216	776	0
307	755	0
362	522	0
181	214	0
40	668	0
114	219	0
115	334	0
354	682	0
206	699	0
85	554	0
320	583	0
185	341	0
531	704	0
108	641	0
164	606	0
327	669	0
254	647	0
20	187	0
95	641	0
388	807	0
595	713	0
346	447	0
262	776	0
377	615	0
591	626	0
158	329	0
587	617	0
53	189	0
330	530	0
347	400	0
72	189	0
584	744	0
151	512	0
99	339	0
280	471	0
9	63	0
265	389	0
303	325	0
584	677	0
284	803	0
94	474	0
185	350	0
424	738	0
265	493	0
367	608	0
501	508	0
88	655	0
195	597	0
179	376	0
720	788	0
308	412	0
346	715	0
152	623	0
113	204	0
651	664	0
229	702	0
633	669	0
145	201	0
311	764	0
630	639	0
222	457	0
513	535	0
170	300	0
373	803	0
320	337	0
53	342	0
231	389	0
660	738	0
36	693	0
308	690	0
508	582	0
78	726	0
38	495	0
166	304	0
114	577	0
30	624	0
463	588	0
62	481	0
377	401	0
31	626	0
69	459	0
514	584	0
239	393	0
108	272	0
623	704	0
438	656	0
221	256	0
222	235	0
207	349	0
689	758	0
283	357	0
231	363	0
546	712	0
456	623	0
473	535	0
224	411	0
166	530	0
114	803	0
282	616	0
47	373	0
16	503	0
235	253	0
159	362	1
518	741	0
222	773	0
499	640	0
191	504	0
245	428	0
255	750	0
393	433	0
19	292	0
98	670	0
397	633	0
211	485	0
134	722	0
235	283	0
309	560	0
310	491	0
296	677	0
334	413	0
63	737	0
154	783	0
127	750	0
421	787	0
44	210	0
119	782	0
45	167	0
375	672	0
38	101	0
512	516	0
271	613	0
326	656	0
348	376	0
532	586	0
370	480	0
25	139	0
393	687	0
525	750	0
343	439	0
207	757	0
619	695	0
147	408	0
275	719	0
457	720	0
573	738	0
476	643	0
6	173	0
246	806	0
263	278	0
362	735	0
394	575	0
161	523	0
183	479	0
515	580	0
462	658	0
710	803	1
176	279	0
103	676	0
575	713	0
110	128	1
238	437	0
419	765	0
149	460	0
81	398	0
601	759	0
29	102	0
391	515	0
195	386	0
582	786	0
472	573	0
143	226	0
3	305	0
622	807	0
206	518	0
341	805	0
108	624	0
215	716	0
643	775	0
503	792	0
185	265	0
313	316	0
463	758	0
155	673	1
262	647	0
29	136	0
105	546	0
587	738	0
523	805	0
511	730	0
104	753	0
453	710	0
317	397	0
191	436	0
85	145	0
70	591	0
486	513	0
40	526	0
386	518	0
441	593	0
43	645	0
209	669	0
29	426	0
433	737	0
142	251	1
382	732	0
143	678	0
436	476	0
240	245	0
113	377	0
610	688	0
98	143	0
122	249	0
153	593	0
415	550	0
585	595	0
768	773	0
117	351	0
153	595	1
80	541	0
335	383	0
305	696	0
89	353	0
571	677	0
74	503	0
292	386	0
187	700	0
204	630	0
313	801	0
227	687	0
9	608	0
356	777	0
175	343	0
308	602	0
175	224	0
80	756	0
37	284	0
425	752	0
533	697	0
102	440	0
193	636	0
411	421	0
493	546	0
72	635	0
490	754	0
73	134	0
133	507	0
6	690	0
580	723	0
301	494	0
213	738	0
288	775	0
129	261	0
40	360	1
322	593	0
206	277	0
297	607	0
154	240	0
118	545	0
567	665	0
28	729	0
432	498	0
404	710	0
141	470	0
35	175	0
36	252	0
457	769	0
21	128	0
150	364	0
434	672	0
174	358	0
340	586	0
182	189	0
55	417	0
7	801	0
13	59	0
244	494	0
561	689	0
184	562	0
600	638	0
140	737	0
215	319	0
306	761	0
254	771	0
355	484	0
449	468	0
81	191	0
204	653	0
182	658	0
211	588	0
247	562	0
106	282	0
753	786	0
309	423	0
348	499	0
77	139	0
115	488	0
25	784	0
318	655	0
274	553	0
525	611	0
251	760	0
103	635	0
487	792	0
200	298	0
57	423	0
419	520	0
350	764	0
6	24	0
247	364	0
449	733	0
376	619	0
195	465	0
345	412	0
109	557	0
54	308	1
114	227	0
383	466	0
48	55	0
8	716	0
11	451	0
431	714	0
83	459	0
34	800	0
95	729	0
223	276	0
5	225	0
230	686	0
501	658	0
7	535	0
66	497	0
182	552	0
88	553	0
158	385	0
90	507	0
293	678	0
60	663	0
112	308	0
189	501	0
137	138	0
265	477	0
484	727	0
303	381	0
125	707	0
18	255	0
184	235	0
41	294	0
259	763	0
276	571	0
533	693	0
118	308	0
320	507	0
49	787	0
104	322	0
359	570	0
753	776	0
269	270	0
614	623	0
255	741	0
346	643	0
256	679	0
378	702	0
191	569	0
87	760	0
787	798	0
14	576	0
311	548	0
222	385	0
170	740	0
652	672	0
744	789	0
321	536	0
35	702	0
307	389	0
202	213	0
38	311	0
421	437	0
60	219	0
406	459	0
83	682	0
175	250	0
288	470	0
1	739	0
257	537	0
666	759	0
169	309	0
614	737	0
154	387	0
447	794	0
466	617	0
418	524	0
456	679	0
588	752	0
112	313	0
628	785	0
117	211	0
465	559	0
67	783	0
303	663	0
54	539	0
71	603	0
40	437	0
295	807	0
79	124	0
399	772	0
101	532	0
282	414	0
193	713	0
36	66	0
527	740	0
162	632	0
254	498	0
440	778	0
148	571	0
59	224	0
520	590	0
405	468	0
427	516	0
395	764	0
407	554	0
46	478	0
249	722	0
413	553	0
340	767	0
144	290	0
637	805	0
182	238	0
590	667	0
681	733	0
497	760	0
24	760	0
334	469	0
228	632	0
101	502	0
48	206	0
445	650	0
470	533	0
141	587	0
163	239	0
291	418	0
223	807	0
150	507	0
278	684	0
120	208	0
375	616	0
245	340	0
529	546	0
317	615	0
128	197	0
576	762	0
702	723	0
116	772	0
615	718	0
410	655	0
341	665	0
305	467	0
12	219	0
328	780	0
147	464	0
223	709	0
315	518	0
221	411	0
29	780	0
301	551	0
144	168	0
270	526	1
91	127	0
203	537	0
76	489	0
459	571	0
612	651	0
189	632	0
371	799	0
137	379	0
728	791	1
506	570	0
177	618	0
364	556	0
327	696	0
402	785	0
111	639	0
686	725	0
321	359	0
301	713	0
51	522	0
52	241	0
671	786	0
296	702	0
589	746	0
339	349	0
123	172	0
674	788	0
17	767	0
18	336	0
250	640	0
207	772	0
88	692	0
476	751	0
269	417	0
397	748	0
707	802	0
482	665	0
3	399	0
235	476	0
447	665	0
138	728	0
123	394	0
485	751	0
89	686	0
145	236	0
570	711	0
184	374	0
508	736	0
518	687	0
26	537	0
652	757	0
246	500	0
394	712	0
462	641	0
142	179	0
396	713	0
255	366	0
724	756	0
535	680	0
39	537	0
211	368	0
381	687	0
136	328	0
106	730	0
86	476	0
17	59	0
358	449	0
257	756	0
311	441	0
689	713	0
579	717	0
49	618	0
305	704	0
88	240	0
179	219	0
731	774	0
679	734	0
295	469	0
277	618	0
248	502	0
340	462	0
288	609	0
273	499	0
706	807	0
616	725	0
11	643	0
283	678	0
295	664	0
141	316	0
163	476	0
330	375	0
439	768	0
277	332	0
626	650	0
109	483	0
360	516	0
158	577	0
620	788	0
197	229	0
219	597	0
258	363	0
296	714	0
560	567	0
745	772	0
28	769	0
470	710	0
162	271	0
456	516	0
70	699	1
185	598	0
148	334	0
168	546	0
22	355	0
337	371	0
45	66	0
339	477	0
159	206	0
244	469	0
258	653	0
99	777	0
79	487	0
392	743	0
245	523	0
410	624	0
214	586	0
231	744	0
403	733	0
343	402	0
56	596	0
715	807	0
275	690	0
115	150	0
298	753	0
91	375	0
188	701	0
172	218	0
135	486	0
656	663	0
234	431	0
36	476	0
123	527	0
703	739	0
357	419	0
489	490	0
342	345	0
279	781	0
162	179	0
290	508	0
275	400	0
169	757	0
119	361	0
502	531	0
391	542	0
105	108	0
489	644	0
6	252	0
219	319	0
458	733	0
129	555	0
385	577	0
481	788	0
99	709	0
9	173	0
372	727	0
122	558	0
303	471	0
324	394	0
198	651	1
422	534	0
487	622	0
138	396	0
156	187	0
284	480	0
323	410	0
160	716	0
53	301	0
330	610	0
114	269	0
243	723	0
212	642	0
366	704	0
273	770	0
386	547	0
518	760	0
652	778	0
246	417	0
412	499	0
408	612	0
89	106	0
720	753	0
218	398	0
147	438	0
245	281	0
22	630	0
23	299	0
406	657	0
498	654	0
338	699	0
620	751	0
191	625	0
31	748	0
32	198	0
86	393	0
252	609	0
71	223	0
257	679	0
95	213	0
117	301	0
133	456	0
216	393	0
670	737	0
388	564	0
13	162	0
442	522	0
308	546	1
517	747	0
294	725	0
9	441	0
644	754	0
175	178	0
287	404	0
180	713	0
182	618	0
499	530	0
410	728	0
358	671	0
33	709	0
660	708	0
662	787	0
754	784	0
6	727	0
98	300	0
575	770	0
76	426	0
121	245	0
233	467	0
2	517	0
107	454	0
154	671	0
384	507	0
362	561	1
252	459	0
206	318	0
334	371	0
137	789	0
245	348	0
282	470	0
398	538	0
193	689	0
99	539	0
179	578	0
110	730	0
261	264	0
292	803	0
150	321	0
155	797	0
172	265	0
135	151	0
84	717	0
345	596	0
453	496	0
1	151	0
370	398	0
327	465	0
500	705	0
357	479	0
34	345	0
509	729	0
275	609	0
148	209	0
21	77	0
663	754	0
6	787	0
478	594	0
232	450	0
180	546	0
551	621	0
241	532	0
349	577	0
78	129	0
190	479	0
315	737	0
327	763	0
86	668	0
12	535	0
253	421	0
566	663	0
105	337	0
517	574	0
510	556	0
96	480	0
149	346	0
315	590	0
100	490	0
440	485	0
376	592	0
195	500	0
68	782	0
414	790	0
203	545	0
76	305	0
294	504	0
385	572	0
525	652	0
189	526	0
264	699	0
377	790	0
266	361	0
425	733	0
267	560	0
34	797	0
200	493	0
51	742	0
42	496	0
30	337	0
204	355	0
165	502	0
60	652	0
151	551	0
281	797	0
377	624	0
492	620	0
466	713	0
354	592	0
34	767	0
199	219	0
19	145	0
150	793	0
539	582	0
368	546	0
5	430	0
632	718	0
389	783	0
503	596	0
412	416	0
51	352	0
269	489	0
294	318	0
308	369	0
270	361	0
114	640	0
332	335	0
454	762	0
62	160	0
504	732	0
160	440	0
221	577	0
147	674	0
117	656	0
133	411	0
669	761	0
129	575	0
63	119	0
307	424	0
382	556	0
442	641	0
170	299	0
284	352	0
84	190	0
140	730	0
145	470	0
38	798	0
615	663	0
751	777	0
156	754	0
677	759	0
253	690	0
179	787	0
404	692	1
98	321	0
263	588	0
425	491	0
446	799	0
189	386	0
206	491	0
443	569	0
162	597	0
234	716	0
330	399	0
314	776	0
520	595	0
223	381	0
226	442	0
211	384	0
488	539	0
196	340	0
16	242	0
325	392	0
444	726	0
250	529	0
195	753	0
290	679	0
101	465	0
373	412	0
320	564	0
563	708	0
214	656	0
50	471	0
141	550	0
37	661	0
430	635	0
120	181	0
376	799	0
705	713	0
597	691	0
31	459	0
414	449	0
111	155	0
626	707	0
202	495	0
167	699	0
238	496	0
335	577	0
85	798	0
86	585	0
177	355	0
659	739	1
72	391	0
60	574	0
161	643	0
555	594	0
58	230	0
21	466	0
298	713	0
150	574	0
120	403	0
232	333	0
51	787	0
217	575	0
376	535	0
105	569	0
115	408	0
355	649	0
372	617	0
21	660	0
310	679	0
350	479	0
381	485	0
20	141	0
350	652	0
42	325	0
314	430	0
246	557	0
247	284	0
543	723	0
381	668	0
324	539	0
39	48	0
422	440	0
47	549	0
334	505	0
464	755	0
485	488	0
34	656	0
273	680	0
228	276	0
217	577	0
630	758	0
276	597	0
265	486	0
282	662	0
74	597	0
392	779	0
347	472	0
420	568	0
347	584	0
152	586	0
368	378	0
389	775	0
363	446	0
109	206	0
237	409	0
130	629	0
513	536	0
441	620	0
464	571	0
268	715	0
540	794	0
549	649	0
36	639	0
74	310	0
535	647	0
166	238	1
60	357	0
443	599	0
151	158	0
446	590	0
32	782	0
86	433	0
198	409	0
532	715	0
2	426	0
365	390	0
648	801	0
131	210	0
350	490	0
153	558	0
207	359	0
143	296	0
486	666	0
359	360	0
217	439	0
37	228	0
423	589	0
59	404	0
204	667	0
61	254	0
204	250	0
624	651	1
286	669	0
70	116	0
219	682	0
145	323	0
4	556	0
400	627	0
11	614	0
374	670	0
269	328	0
417	707	0
163	291	0
36	51	0
133	258	0
396	564	0
61	448	0
390	766	0
407	692	0
301	465	0
286	447	0
144	404	0
1	317	0
55	230	0
349	453	0
319	775	0
27	577	0
563	691	0
201	270	0
380	573	0
434	581	0
366	632	0
466	674	0
22	324	0
46	334	0
433	577	0
107	684	0
716	790	0
370	470	0
138	464	0
140	646	0
170	316	0
292	601	0
21	389	0
184	294	0
81	154	0
98	792	0
119	614	0
374	626	0
104	709	0
655	762	0
451	590	1
236	318	0
78	249	0
201	575	0
108	772	0
253	365	0
290	473	0
570	656	0
238	387	0
224	605	0
43	243	0
315	630	0
341	437	0
172	789	0
284	767	0
158	192	0
270	446	0
97	638	0
713	779	0
316	712	0
25	525	0
63	77	0
102	557	0
33	42	0
455	549	0
327	328	0
20	272	0
424	633	0
5	196	0
420	804	0
320	570	0
45	65	0
83	575	0
178	696	0
415	569	0
414	520	0
678	757	0
165	398	0
347	551	0
61	749	0
8	455	0
136	156	0
228	354	0
235	582	0
273	805	0
56	467	0
276	728	0
26	759	0
152	499	0
373	732	0
320	472	0
66	244	0
259	768	0
344	462	0
291	713	0
255	664	0
91	683	0
535	570	0
256	644	0
277	806	0
23	262	0
460	476	0
189	250	0
338	724	0
523	710	0
339	725	0
393	493	0
213	244	0
341	431	0
361	772	0
5	745	0
94	169	0
259	500	0
135	686	0
43	605	0
27	112	0
669	673	1
304	731	0
113	500	0
195	806	0
127	291	0
38	336	0
277	760	0
353	354	0
210	557	0
338	502	0
528	586	0
633	636	0
107	191	0
507	761	0
325	785	0
26	293	0
412	765	0
4	471	0
411	511	0
35	443	0
328	399	0
571	605	0
379	489	0
509	749	0
507	569	0
97	214	0
151	497	0
390	587	0
466	485	0
233	502	0
520	794	0
164	334	0
218	418	0
364	452	0
168	359	0
503	515	0
25	482	0
681	684	0
24	758	0
267	365	0
343	734	0
269	727	0
292	776	0
52	625	0
405	503	0
82	164	0
317	715	0
240	710	0
233	272	0
196	428	0
606	716	0
280	336	0
309	587	0
1	138	0
205	682	0
378	797	0
25	60	0
153	503	0
180	727	0
335	795	0
48	235	0
447	765	0
476	553	0
214	728	0
508	509	0
749	762	0
550	778	0
440	517	0
171	503	0
315	327	0
353	520	0
279	736	0
430	628	0
91	444	0
219	227	0
575	615	0
702	716	0
782	802	0
244	342	0
372	387	0
11	223	0
74	403	0
238	300	0
21	266	0
155	776	0
687	752	0
216	778	0
587	781	0
324	701	0
772	807	0
436	791	0
38	583	0
332	584	0
648	663	0
584	674	0
445	607	0
318	471	0
47	767	0
229	248	0
547	735	0
342	457	0
509	600	0
94	702	0
630	796	0
223	478	0
260	340	0
388	801	0
595	715	0
169	353	0
526	587	0
216	552	0
233	654	0
324	595	0
53	187	0
420	658	0
347	402	0
25	666	0
445	801	0
281	768	0
265	395	0
160	191	0
33	167	0
105	514	0
349	593	0
146	510	0
19	116	0
391	486	0
534	789	0
169	807	0
351	459	0
630	798	0
193	635	0
234	460	0
269	452	0
334	654	0
464	772	0
240	380	0
368	385	0
22	644	0
383	413	0
406	551	0
62	133	0
580	674	0
393	440	0
251	348	0
17	260	0
56	350	0
184	275	0
492	691	0
131	268	0
169	193	0
153	708	0
26	634	0
652	666	0
155	402	0
371	509	0
305	513	0
659	710	1
195	678	0
44	557	0
127	374	0
329	395	0
256	799	0
686	803	0
278	348	0
151	198	0
135	701	0
62	487	0
265	583	0
141	278	0
251	442	0
295	778	0
183	593	0
40	193	0
238	676	0
41	168	0
4	292	0
64	199	0
230	724	0
50	422	0
419	560	0
502	639	0
662	673	1
451	565	0
421	733	0
58	724	0
248	275	0
84	121	0
451	662	0
213	603	0
697	806	0
718	760	0
560	758	0
483	579	0
26	62	0
10	667	0
27	747	0
11	686	0
304	436	0
177	186	0
488	589	0
692	751	1
126	359	0
533	557	0
220	238	0
58	655	0
286	603	0
187	481	0
6	615	0
338	521	0
410	628	0
390	710	0
407	764	0
496	768	0
158	674	0
213	701	0
325	403	0
258	463	0
35	217	0
554	667	0
318	804	0
245	716	0
118	586	0
448	610	0
488	745	0
21	219	0
426	653	0
2	50	0
210	228	0
537	788	0
211	709	0
159	173	0
346	420	0
1	7	0
76	765	0
497	528	0
277	380	0
483	709	0
500	685	0
160	672	0
214	599	0
305	393	0
34	201	0
162	498	0
110	420	0
57	280	0
664	748	1
133	659	0
315	720	0
148	453	0
390	693	0
285	504	0
582	630	0
159	451	1
521	570	0
439	627	0
426	513	0
711	718	0
124	439	0
200	415	0
110	134	0
20	565	0
95	598	0
401	674	0
595	630	0
65	519	0
34	387	0
301	767	0
51	724	0
413	453	0
234	674	0
54	473	0
205	719	0
76	129	0
8	673	0
25	709	0
264	779	0
213	360	0
621	667	0
432	776	0
215	718	0
273	707	0
94	549	0
111	393	0
259	624	0
505	702	0
351	414	0
542	726	0
192	573	0
299	371	0
284	453	0
230	516	0
105	544	0
479	545	0
74	561	0
582	650	0
310	657	0
739	801	0
332	505	0
189	320	0
687	705	1
523	544	0
589	654	0
122	805	0
85	159	0
225	276	0
325	640	0
161	743	0
221	559	0
576	706	0
259	302	1
492	682	0
542	571	0
701	788	0
76	258	0
639	681	0
141	531	0
74	275	0
436	478	0
519	743	0
232	536	0
83	547	0
249	271	1
377	450	0
416	642	0
680	719	0
379	731	0
2	455	0
476	562	0
41	123	0
518	519	0
244	534	0
245	251	0
230	609	0
321	795	0
322	628	0
35	533	0
306	623	0
308	519	0
393	523	0
370	609	0
179	711	0
67	700	0
131	517	0
190	551	0
163	202	0
47	410	0
123	512	0
452	586	0
469	628	0
625	779	0
1	566	0
18	748	0
221	403	0
524	678	0
516	718	0
380	685	0
322	790	0
120	415	0
767	771	0
58	560	0
149	743	0
7	142	0
296	553	0
46	81	0
164	266	0
31	775	0
16	100	0
182	401	0
129	283	0
421	766	0
205	528	0
41	567	0
154	254	0
383	522	0
49	492	0
470	668	0
179	673	0
337	382	0
306	549	0
111	666	0
58	274	0
180	508	0
701	764	0
44	289	0
600	631	0
279	586	0
232	513	0
249	677	0
31	37	0
70	469	0
326	672	0
1	242	0
332	740	0
349	642	0
222	656	0
401	579	0
426	807	0
319	510	0
525	703	0
471	610	0
229	640	0
320	477	0
440	573	0
646	669	0
355	739	0
388	677	0
171	319	0
23	694	0
121	716	0
285	299	0
512	657	0
291	366	0
167	779	0
24	43	0
50	517	0
119	687	0
213	514	0
102	804	0
530	781	0
379	417	0
108	801	0
200	300	0
4	612	0
119	419	0
526	737	0
581	666	0
51	643	0
233	804	0
15	356	0
194	619	0
214	403	0
57	531	0
439	708	0
78	444	0
137	430	0
85	480	0
300	480	0
146	292	0
4	666	0
5	239	0
485	628	0
501	656	0
411	648	0
13	724	0
216	480	0
656	781	0
752	754	0
350	592	0
171	283	0
330	552	0
458	613	0
55	773	0
23	730	0
61	712	0
486	511	0
63	270	0
302	722	0
213	509	0
70	542	0
215	579	0
428	701	0
94	400	0
80	334	0
11	178	0
104	324	0
179	434	0
546	588	0
53	405	0
346	641	0
165	203	0
39	742	0
241	568	0
83	590	0
212	298	0
234	329	0
21	458	0
94	178	0
386	667	0
5	675	0
50	268	0
30	782	0
35	672	0
36	719	0
202	685	0
75	163	0
203	374	0
421	435	0
294	643	0
210	582	0
62	447	0
567	646	0
325	791	0
409	616	0
623	762	0
183	665	0
631	799	0
126	477	0
163	341	0
312	440	0
495	520	0
277	453	0
19	353	0
98	354	0
279	283	0
173	372	0
671	757	0
47	303	0
496	792	0
107	496	0
70	132	0
586	616	0
355	400	0
560	702	0
215	726	0
26	118	0
245	354	0
658	729	1
304	380	0
343	565	0
435	694	0
685	777	0
112	537	0
177	543	0
427	518	0
372	516	0
196	329	0
204	283	0
70	422	0
271	411	0
182	236	0
222	765	0
674	722	0
558	685	0
404	437	0
245	644	0
48	192	0
266	795	0
448	682	0
354	744	0
215	364	0
72	198	0
58	409	0
96	220	0
426	581	0
465	489	0
104	695	0
11	198	0
150	588	0
106	493	0
574	638	0
91	339	0
552	735	0
500	606	0
586	734	1
10	151	0
138	416	0
88	803	0
251	553	0
177	654	0
200	249	1
73	589	0
147	466	0
231	713	0
517	592	0
82	261	0
220	624	0
142	603	0
234	472	0
186	704	0
521	626	0
439	699	0
280	288	0
355	676	0
